1,2,3
-1,0,1
-1
-1,-1
1,1,1,14
1,2,4
1,2,5
0
1
-1
1,2,3,4,5
5,4,3,2,1
1,2,3,5,6,7
5,3,8,2,-1,1,4,9
5,1,8,2,-1,11,14,9
-12,0,-1,14,-7,7,17,-11,5,0,10,-5,0,-9,10,-8,12,17,-5,8,3
880,699,-285,94,648,-12,-577,869,-847,905,-350,15,859,2,-902,-617
2,22,16,25,23,2,-9,-15,4,-7,-12,15,17,0,14,13,23
-12,17
5,25,15,-11,-10,-2,-13
4,-916,-440,-722,978,12,448,-11,912,-359,-729,-868,-611,-12,23,313,14
14,-13,24,-2,8,0,17,4,7,-4,12,3,-4,-10,2,-7,-7,17,6
-14,-7,4,2,11,-12,4,25,6
12,2,-3,-2,20,25,19,20,17,-2,-10
992,6,-191,307,303,426,-704,19,14,-785,320,22,-9,422,-580,-72,10,-357,15,727,472,1,270,-881,-509,88,17,19,25,463,-473,20,14,129,22,155,-5,987,7,2,5,256
-8,-15,-9,-9,0,3,11,-8,18,18,7,15
-14,10,-12,1,-13,20,24,-14,-6,-4,14,1,13,-13,4,20,-3
19,-776,16,1,-12,12,10,-938,-879
-3,6,-7,-5,9,15,-14,-8,-1,19,22,23,0,13
15,13,-13,18,24,18,2,14,16
-14,-3,7,17,19,14,22,25,9,-3,17,21,18,17,-6,21,17,-1,6,19
2,13,-10,-13,-6,-5,18,-2,-1,17,5,25,-4,16,11,11,-5,17,2
-922,16,640,9,717,-7,3,760,-557,-464,17,-3,803,11,-14,-11,5
-8,22,7,-12,-13,-9,-5,13,7,4,8,-5,-8,19,-1,15,12,23,-6,25,-12,-10,6,24,21
-7,-15,11,7,-14,663,25,-2,24,15,-15,13,-11,0
-5,13,2,0,22,-14,21,9,-2,17,0,12,19,22,3
1,-9,0,20,-12,12,3,10,22,-3,-3,4,15,7
-8,6,13,-10,-9,9,16,2,10,-10,18,-6,20,18,4,-2
8,6,11,4,20,19,22,17,-4,19,15,-9
-3,25,3,-1,11,19
5,4,24,-5,5,-14,8,-8
-64,4,-228,19,-2,21,3,3,-7,17,3,-1,-6,-2,-429,2,-14,-9,660,21,0,-702,21,2,-1,23,850
482,12,-168,210,747,127,-15,-531,-221,-700,-1,-839,724,166,796,19,-598,-244
19,-8,0,-11,17,-10,22,18,20,11,17,-9,6,-5,-12,-7,12,5,8
0,-12,-7,23,1
-926,532,14,-473,0,165,17,-869,-13,338,-12,-2,-1,-460,-374,-3,-168,743,-2,803,24,-375,-27,13,-7,326,-2,-11,371,-458,12,535,1,940,-12,20,20,-507,432,11,289,212,-560,909,7,-11,-919,2,-13
5,1,-5,-2,0,3,-1,2,12,-8,0,2,12,18,11,15,-9,19,17,22,3
-6,2,22,9
18,20,2,7,7,-8,15,11
2,18,-14,19,-6,-11,5,-6,17,24,-1,14,14,-7,18,22,-4,-12,11,12,8,8,20
15,10,8,-12,9,-12,11,-1,18,0,-4,14,-1,-5,24,-14,14,-5,-14,5,12,15
17,20,17,8,-3,16,2,6,-11,11,-9,11,19,15,10,5,-2,11,-6,18,-2,-13,25,4
18,17,-11,12,22
899,24,-12,13,-969,344,1,-985,-186,7,-331,-13,25,23,4,-9,795,3,-4,-605
-1,-996,20,-702,-671,371,-835,248,474,9,3,-14,2,19,-15,-13,190,-7,609,825,8,-5,-14,-10,14,22,-492,18,24
10,7,1,-5,11,4,3,3
266,9,-286,684,9,19,12,22,-829,802,-87,-767,-12,14,-557,2,981,20,260,16,626,-1,-985,-645,658,725,-3,769,16,877,17,5,-7,-487,15,-2,-145,-7,-507,14,-80
22,17,8,17,25,-11,2,6,12,-9,16,21,-9,-3,19,8,-6,16,15
-8,453,-379,-25,840,446,-988,5,-872,773,440,-381,-98,17,520,571,-512,-898,384,-678,188,22,-5,-251
-15,11,10
-191,-13,2,10
-4,14,15,-12
10,-5,5
0,12,1,-7,-6,12,-3,25,19,21,17,-9,8,22,13,5,6,4,6,15
77,-260,-134,-460,187,970,3,647,-68,-359,148,-708,294
-9,16,-10,-8,3,16,-2,17,10,22,9,7,0,-13,5,7,0,12,22,20,24,18,4
-8,4,6,-15,15,11,11,-12,12,1
16,-6,17,12,0,7,12,-14,13,15,-11,-12,12
-12,8,20,0,-11,0,19,23,23,7,-6,1,4
-8,5,4,-12,8,17,15,12,18,24,3,6,6,15,20,10,-3,-1,15,19,11
24,16,17,5,13,3
17,-15,25,-8,-15,2,5,13,-4,-11,-2,14,-10,25
-4,7,25,10,-5,-1,-2,9,-9,20,2
-2,-1,8,-4,-9,-13,-8,-5,16,-3,1
-14,-9,-10,14,5,20,7,-15,11,24,-1
8,25,6,25,23,25,-11,6,13,10,-9,-6,20,4,12
5,24,15,16,0,-8,18,21,-13,-13,0,-3,-11
-2,8,-2,17,3,10,6,23,8,-6,-2,-14,15,0
15,-9,1
22,8,-14,-2,0,9
14
10,-12,7,-5,-8,-11,8,0,22,4,14,15
-15,22,-1,-7,-3,4,-6,-7,-1,18,15,-14,5,1,-9,23,21,6,7,-12,-6,25,1
8,-7,2,-14,14,-9,5,12,9,-3
-13,21,1,21,-5,6,-14,13,18,21,2,21,11,4,-14
-9,-3
15,12,18,25
-5,19
136,250,-369,959,3,329,112,21,11,19,11,-8,-545,-424,19
3,8,5,11,-1,15,18,0,4,7,12,-1,14,4
1,16,1,9,6,2,11,4,-11,-4,17,23,1,-8,19,23,-10
15
830,27,-15,-11,24,-12,-510
-3,5,-1,-6,17,22,18,10,6,23,17
9,-15,22,-7,-5,20,-12,18,-15,6,4,-4,-10,13
24,484,898,968,-652,-5,676,-717,4,24,-235,-173,-340,-10,513,-10,-475,720,-88,367,-81,11,818,15,-787
21,17,10,-15,23,6,-7,-10,15,-4,25,-7,-10
-12,16,4,9,-5,24,20
-12,19,-2,-3,20,8,22,-1,1,24,-7,-14
-3,22,23,17,6,-9
10,-12,-1,-7,-12,-3,4,16,-4,4,-10,-15,21,25,-6
854,5,286,-946,452,16,15,0,-2
9,-9,19,11,-5,11,-14,12,-15,8,-14,0,6,25,-8,-13,12,10,-4,-15
14,-1,11,1,13
303,669,-271,-170,-195,21,13,-3,10,16,-2,456,7,15,532,8
3,3,22,-6,-12,-3,11,15,3,4
-9,17,-1,12,12,10,13,-9,25,11,2,-1,4,-9,-11,22,4,-12,-11,18,7,-5,13,8,1
-6,1,-8
-5,3,3,20,1,-6,4,0,18,0,16,-7,3,25,14,-14,17,3,8,16
-7,20,-1,8,13,11,-6,7,-2,22,13,-4
7,-14,22,-10,-5,-10,-5,-5,4
9,13,-13,-7,8,-7,-8,-12,9
980,8,-964,819,91,1,17,-121,8,726,6,18,-7,-350,1,611,-11,-171,-1,693,-767,-6,688,8,15,-541,-241,-766,866,930,6,-509,742,-911,166
25
17,-5,20,15,-5,-7,23,-7,23,8,13,-10,22,6,-6,-11
-8,13,3,14,19,21,12,-11,4,23,-1,-3,8,14,1,-14,5,-3,5,17
23,-15,23,21,-10,-2,4,14,-5,-6,19,11,20,1,0,0,0,-12,20,25,-3,10
-4,3,-821,-325,371,19,-395,-7,-1,271,11,397,-180,22,3,285,-958,-692,-540,4,775,821,-409,-973,0,-132,-981,25,381,-162,13,-588,-5,-368,-15,56
4,21,-882,156,19,348,-276,-4,800,12,-463,22,533,557,-814,-458,-507,-587,-1,5,-107,537,27,9,-8,19,-13,433,22,543,680,-10,-720
191,-11,610,161,-37,-10,-590,-521,-748,-3,-238,3,6,-63,462,-370,-5,209
17,-313,24,17,248,8,-5,-6,5,51,11,6,11,556,-9,-2,-681,669,5,-4
-3,13,17,10,25,17,-4,-9,13,5,-1,7,11,8,-2,11,12,10,1,-1,-11
256,15,414,13,21,-234,664,-11,3,7,518,20,5,3,12,167,-14,6,924,-13,-579,-1,21,-332,703,69,-455,266,19,374,-629,-5,115,-7,756,8,-874,-1,547
3,-14,-4,14,14,6,4,-8,22,-12,6,8,22,2,13,23,14,11,-5
-555,25,315,7,24,825,-888,-33,-301,-361,23,526,758,-391,-2,51,10,4,-603,898,-206,10,16,588,23,11,804,16,13,-90,-8,7,-4,-618,733,-8,311,-33
-7,-14,-15,11,-3,8,24,-11,-1,4,21,12,23,-8,9,9,12
6,911,-281,-15,996,-629,-635,364,-23,-7,980,454,14,-12,-836,867,617,974,-769,6,-9,19,-170,18,-949
22,-912,16,21,16,18,-557,-9,-219,-987,-225,-312,-845,-916,23,-4,6,-9,-4,841,471,21,-4,-15,19,-55,-10,-13,1,116,-3,-221,427,-649
10,11,0,8,-14,-7,-2,2,-10,15,-7,12,7,-8,-12
1,6,11,11,1,15,-15,16,21,-4,16,25,7,-14,-6,-2,12,18,-15,20,-8
708,626,-170,655,-847,-332,923,7,-283,565,594,570,-8,307,-69,873,563,-23,-142,-728,496,-515
-499,471,22,18,-987,-4,559,130,436,-440,-6,-12,101,288,-58,3,385,-285,332
15,-262,-214,503,780,23,862,-110,586,14,9,-440,-787,12,15,12,669,-9,-211,-40,874,274,-509,585,-978,669,23,565,10,-679,-375,12,-22
-1
6,-9,-9,22,3,9,17,0,8,23,3,-11
13,-4,255,-221,120,-11,23,-908,6,23,-6,656,627,18,-2,677,919,132,169
12,9,20,-2,24,-11,13,-5,15,10,-9,-8,-14,8,-1,17,19,-10,-11,-12,-2
15,850,424,401,674,-13,3,494,7,-4,231,-6,4,894,-11,562,14,963,-202,607,24,8,-454,-1,24,586,-599,8,23,4,0,-14,-15,-984,-227,22,-416,-493,-10,14,5,1,977
1,25,6,12,10,8,24,4,15,21
-908,-983,-622,-635,699,17,11,-3,726,1,977,31,-160,-853,67,610,-505,-4,-264,-608,852,6
-1,-10,-9
24,606,-596,-987,-566,-6,11,25,5,50,170,-143,-613,890,-15,-428,-255,-291,85
-12,7,-12,-2,-5,1,22,-7,21,17,11,-6,-2,-12,24,9,1,15,15,9,25,19
22,-8,17,25,16,-6,0,-14,19,-398,6,4,-13,9,14,1,10,-548,-8,10,-3,14,17,23,23,-1
11,24,11,23,-15,7,-3,-12,14
-11,-15,-10,-15,22,-3,16,-10,7,15,8,-9,7,4,-2,4,15
-1,-1,-12,-9
1,9,1,6,-1,0,10,5
6,-12,25,-6,22,-4,0,-3,-8,7,14,1
6,14,-5,17,-4,-10,3,24,-7,16,13
0,22,20,4,-1,8,-9,17,11,-8,-7,1,9,10,10,-10,25
-3,24,2,15,20,22,17,17,0,18,9,-7,3,17,-10,-6,19,11,-7,10
250,5,-5,-363,25,589,-4,0,12,16,-70,22,-755,19,13,978,5,846,0,8,24,236,-999,2,-826,3,12,378,544,988,-225,293,233,20,8,254,-9,882,429,25,-3,978,405
-910,229,942,-397,-587,20,-6,19,-2,-578,23,22,21,-225,-484,-101,541,-10,-205,3,957,23,-354,-4,-14,3,-928,309,15,4,-144,25,5,-9,-1,582,748,7,16,-1,830,10,23
667,23,227,-454,15,-90,-15,-831,-134,-11,828
11,10,1,18,-7,-3,24,-4,11,7,-11,-7,-13
18,20,-15,-11,-5,21,-8,-1,16,-13,16,7,13,16,19,-14,-9,4,1,11,-8,-6,6,-5
1,-11,16,-15,-15,15,10,10,10,23,1,6,2,22,5,-3,5
2,6,4,5,-15,13,-15,-10,3,22,25,-14,-10,-14
-11,-9,3,25,12,23,-2,-3,23,17,-1,14,9,-14,-15,-15,-9,-5,25,13,14,11,-1,7,-14
-3
9,18,6,-10,5,14,4,-8,-8,23,-4
18,-10,-13,-6,7,14,20,-1,1,-3,0,-7,-10,3,11,9,-8,22,6
0,25,21,11,3,12
14,0,9,11,17,8
16
-11
9
-7,10,-5,10,16,-5
6,4,-15,-8,-11,7,17
-6,7,-9,-13,-2,4,-11,10,-2,-7,11,-5,21,3,3,25,16,-1,-11
12,0,-14
12,23,-11,-12,14,7,23,1,-4,-7,5,18,6,-12,-10,8
11,10,13,-3,25
3,21,2,-12,5,-6,14,24,-3,17,-10,25,21,7
42,54,-3,-601,-14,0,-556,-824,16,22,17,-1,-8,12,542,8,922
11,1,-5,20,-6,0,-2,24,15,8,8,-7,25,-13,-5
-13,-5,1,21,-12,21,5,21,10,0,1
-2,21,-2,-788,2,2,1,21,-945,9,11,25,-14,17,-7,-9,-11,4,-10,5,0,484,3,15,12,189
10,1,-4,-10,-14,-3,4,-14,-12,19,3,-11,22,6,6,12,19,-2,13,10,-12,7,19
-13,15,-12,7,-2,14,0,1,-2,-10,18,-5,12
25,22,-12,-4,25,18,11,-6,17,4,-12,9
-6,-4,-14,11,-10,-10,-12,1,-5,3,-15,-8,-14,21,3,1,14,-13,4
982,926,12,-539,-4,20,222,-892,-439,346,19,-191,-20,457,621,-546,-642,-741,581,282,-22,3,24,-681,487,6,-118,397,18,-765,26
606,970,449,22,-170,-5,-749,183,-237,-587,-972,4,-973,92,475,89,-833
-12,15,10,-7,3,16,-1,6,10,18,24,-14,-13,6,3,5,-4,16,-13,15,18,-2,22,-14
-6,19,-5,1,15,14,5,9,19,-5,-11,19,11,12,13,-6,4,13,15
15,-13,17,-5,24,18,5,16,9,-2,18,12,-8,-11,-15,13,13,-7
7,8,17,3,2,-6,0,20
12,23
22
5,12,1,-11,-14,17,-2,-13,10,-3,17,-13,13
15,-13,4,-1,1,-6,-10,4,4,-6,-4,-7,0,17,19,21,-1,-12
20,10,23,25,12,-15,2,9,24,-6,11,14,7,11,12,1,-11
2,4,-1,-15,8,-3,12,8,7,15,2,15,22,-14,19,6,24,-2
-9,3,16,25,8,12,-12,-8,-10,-15,-6,1,15,-8,18,-4,3
0,17,22,-7,-8,4,5,19,10,11,23,22,1,-9,16,16,13,15,-5,17,15
-15,-14,25,6,9,21,11,3,-6,-7,2,6,21,25,22,3,6,-14,1,-10,0,-4,25,-3,-6
1,1,10,17,10,-6,3,1,8,3,-15,25,9,-5,9,-6,15,0,24,-14,-2,24,13,6
18,4,19
-9,16
21,8,-13,19,-7,16,-3,22,-15,6,16
16,9,12,-5,-15,-10,-12,16
25,-12
17,-11,25,14,12,3,10,-4,-11,18,2,10,2,19,-3,-6
1,-12,22,-851,6,-8,-12,-15,21,-785,12,-5,-544,14,405,11,-565,337,11,19,750,247,-520,-474,-10,13,-15,16,15
-8,-9,13,18,-11,9,4,-6,12,-7,-12,-9,20
22,-14,11,-15,-4,17,-4,-4,-3,2,23,3,19,5,6,-14,-7,18,5,9
2,25,-205,-837,-6,7,3,17,-5,-6,5,14,7,13,24,10,21,-9,23,21,13
4,23,1
-12,3,13,6,-2,-7,74,21,-1,-15,7,12,12,-329,-7,-12,-627,6,4,485,-11
859,-3,-12,-697,-27,-14,-307,-15,-501,70,1,807,8,-53,-57,-5,-7,-898,682,265
16,-14,-9,88,23,36,1,182,-14,18,297,5,25,-14,3,-7,-3,7,-1,-9,0,601,-11,152,-8,-9,-167,139,-3,-1,22
-10,-341,23,-1,444,13,7,495,12,-4,771,-710,5,-3,-10,-171,-11,-14,-15,-14,417,17,18
-7,-1,24,14,-2,-15,4,-8,22,2,-15,-2,1,2,-10,-14,-14,24,-15,18,5,-9,-14,-11,-13
1,15,17,24,-5,25,6,2,4,1,7
-9,-15,-1,-7,-5
15,10,18,16,10,17,-7,19,24,-1,-12,24,-12,-11,9
4,6,12,6,-15,-8,-9,12,18,-2,7,2,-3,15,23,15,22
4,11,24,13,4,11,9,-13,-14,-1,23,3,-6,-1,16,5,-7
-789,0,19,-325,-265,3,6,-1,-612,-423,11,14,619,17,10
7,23,1,7,15,20,23,8,-14,-4,-11,16,8,8,15,9,25,10,24,18
1,-7,16,-1,-11,12,15,-15,-4,25,17,8,-2,5,0,-6,10,-2,18,12,6,20,5
10,-1,-11,22,24,13,17,18,11,4,-6,0,-1,17,17,-6,18,13,2,11,-5
895,-330,12,-604,23,-327,22,-503,195,-784,744,553,18,-739,-104,652,22,476,-584,-8,-325,539,2,853,-207,11,962,3,26,761,134,-1,290
21,25,-2,-8,0,-4,-3,17,16,22,-15,-6,-407,19,24,19,-5,25,3,24,-12,-2,12
-5,20,16,8,-3,2,-7,-13,13,-15,-3,-11,-5,3,-15,-11,20,-9
20,-10,12,-2,-7,-10,2,7,-7,-2,-1,-12
22,-6,-164,-288,15,7,-624,-4,-182,8,-12,23,25,3,-9,22,-4
0,20,-15,17,-10,-7,-9,-5,1,19,17,8,7,11,-2,20,-5,-5,9,-9,7,22,19,-3,23
5,23,21,20
-11,21,24,5,6,1,10,-3,-6,-12,20,-4,24,-15,2,25,17,7
2,420,12,-707,-63,470,-7,966,-96,55,-486,-331,998,885,-166,16,660,47,-108,288,365,-6,-299,585
-448,-488,5,14,9,-12,-4,-5,-214,-11,517,-14,-4,9,-1,5,-75,-3,352,-684,-9,770,13,22,13,403,-14,-13,-249,-12,12,-2
-198,-607,-353,-217,-13,-467,261,961,523,-664,-14,354,-157,723,6,-15,-379,148,-711,-991,858,-15,2,-664,-604,-654,883,-5,-671,-315,-152
0,5,-13,-10,-14,-5,21,13,-13,25,-6,21,11
-605,-194,12,2,-8,13,-721,-538,3,12,22,-242,-5,196,-200,14,13,8,-757,-196,566,10,19,645,331,128,891,-9,15,144,-787,18
-3,-1,22,25,2,13,19,-3,-7,15
-5,464,8,10,-8,-14,170,648,1,-5,25,8,216,18,-10,-166,-815,-8,139,0,-15,737,-6,470,-5,-8,880,18,9,543,0,410,-12,-129,19
8,-15,-1,10,23,19,21,11,-5,7,-4,-2
18,3,21,-13,-9
2
-10,0,17,12,12,-2,-10,-10,-8,5,18,13,25,21,-10,12,5,16,9,11,-4,11,-15,4,-1
12,-8,6,-9
5,6,5,11,21,-13,9,1,10,-9,14,-2,4
-2,-4,18,25,21,7,23,16,2,-15,10,-1,6
-1
10,3,-14,12,16,2,11,21,5,-161,9,18,929,-385,-6,-8,-2,-928,-289,-12,14,0
-28,537,333,-757,-168,213,365,642,145,-971,905,-15,6,-455,-822,778,121,647,12,-973,408
12,-9,24,23,24
-963,12,2,981,865,-450,-5,899,-33,3,24,16,316,817,-12,-129,655,-181,23,15,804,278,-282,19,966,-563,-779,20
-10,-3,16,16,24
23,-1,-13,-14
22,-8,10,23,-11,11,7,14,1,-1,-7,7,18,4,13,-12,-9,16,7,-9,-13,7,-13,8
-9,-6
-3,23,-9,-1,14,-3,4,14,14,2,24,-3,-8,3,-4,-15,25,5,4
9,21,6,4,6,-7,7,5,23,1,11,13
21,20,-6,-2,-9,-6
-1,20,1,13,-4,-13,21,10,2,2,3,21,-11
22,13,-14,-1,-5,11,20,-11,6,-9,-15,10,5
13,5,-11,-10,1,-2,11,-9,-4,-11,4,4,3,-11,-14,13,-3,17,2,21,6,7,3,0
3,7,-13,-2,-13,-9,7,-10,-13,5,8,4,3,24,0,-8,-8,-7,11,16,-15,18,-1,2
-3,21,19,-7,23
17,10,-10,1,-7,11,3,25,25,-7,-2,-8,24,6,8,21,-8,-6,21
25,10,20,19