1,2,3
-1,0,1
-1
-1,-1
2,1,1,15
1,2,4
1,2,5
0
1
-1
1,2,3,4,5
5,4,3,2,1
1,2,3,5,6,7
5,3,8,2,-1,1,4,9
5,1,8,2,-1,11,14,9
20,-13,19,6,1,-14,6,9,-4,3,11,436,8,-14,-8,-8,-9,-61
2,-6,20,6,22,9,-12,17,6,23,21
-7,2,17,-3,-7
10,-9,-9,10,8,18,13,-4,20,16,-7,5,-7,-10,-12,10,20,25,9,0,-9,15,-5,15
13,-2,11,23,3,18,15,-6,1,14,13,5,3
-7,-5,-12,1,21,14,4,-9,-5,-6,6,-15,3,-2,-12,3,5,-5,15,-15,-14,-2
-9,22
-14,1,5,3,19,-7,18
13,-5,22
-13
2,13,0,12,19,870,13,-14,-1,22,21,17,-1,-5,14,813,8,-912,4,660,17,13,13,-12,-218
-4,9
22,13,-8,-12,-3,-7,18,10,17,19,18,5,24,-4,-11,11,19,20
19,2,18,-5,714,-9,-4,9,13,16,22,19
440,18,18,16,-26,5,22,16,-7,25,9,-12,-733,18,25,15,7,6,-561,5,24,12,16
-4,13,2,23,25,-15,23,15,1,5,23
7,-12,-13,11,-15,-5
-3,1,-4,1,-13,-9,-5,17,20,17,21
15,14,15,-7,15,0,-13,-13,5,-1,24,13,-1
14,-1,-1,20
1,9,-2,-3,2,-12,21,-1,-1,3,-7,-9,11
11,865,0,12,-3,-3,-92,-5,22,-3,2,341,22,-968,400,16,8,-9,-243,15,-980,-3,4,-424,554,8,22,-624,1,23,8,3,105,-1,20,-4
-1,10,-10,12,20,3,-15,24,22
-13,20,24,14,1,24,10,22,-7,-11,5,-4,20,7,21,9,12,-11,6,25
5,-14,9,23,7,-2,3,-8,7,-2,10,-8,24,-13,0,-15,-6
25,-13,17,16,-10,12,-6,24,7,21,20
22,2,25,21,1,0,17
10,10,-1
8,19,5,14,-9,7
6,-12,-6,4,12,15,21,3,-9,-13,16,-7,15,11,20,-14,25,20,-7,3,12
-4,12,-61,298,341,412,667,19,24,475,-240,21,13,-15,13,2,56,23,-732,15,-513,24,-146,-680,11,-386,-670,268,957,455,25
24,11,9,13,20,15,-15,-15,23,-10,-3,12,4,-1,-1,5,15,0,-7,23,6,23,4,24
-7,24,-12,-1,-9,23,9,18,20,-3,9,-15,-11,13,20,11,4,15,1,6
-438,24,7,20,552,146,-362,21,14,19,-580,42,7,0,-15,-2,-2,-5,280,5,13,-789,-98,387,13,-5,-464,-8,-13,8,3,7,10
-15,21,19
-1,24,-7,18,-8,4,14,-13,10,11,-15,-9,-1,6,21,-4
3,-127,336,-707,4,-863,848,-13,131,4,427,4,912,13,1,-33,847,-598,11,378,-210,-584,717
819,17,738,-7,749,3,14,-595,737,-887,8,19,-12,589,-102,155,17,142,846,-702,528,536,11,-402
-14,11,-7
6
21,-3,-12,8,10,4,-4,13,22,-3,19,8,-3,17,-12,-3,-7,-7,-1,7,12
167,192,500,-286,6,-13,546,-134,-247,490,-819,15,812,22,11,723,794,-762,-12,-546,199,-3,18,902,6,-101,-636,11,308,-838,319,355,-771
-8,-13,15,24,12,15,-7,7,9,-15
14,25,18,14,2
8,-9,3,14,1,-3,2,12,25,19,10
-254,2,598,18,2,977,628,-15,1,-556,-502,-6,-53,-185,-56,4,-241,-12,176,-874,-6,633,797
-5,1,20,6,-10,21,3,14,22,15
21,-11,-8,-894,-119,13,12,-2,310,629,-460,18,-11,-763,-1,15,558,24,1,-3,318,216,16,-940,11,22,7,-450,-659,-14,3,910,-163,11,897,-14
-729,18,-7,-44,-8,-261,-504,-15,510,13,605,-938,89,-13,-906,742,1,701,-293,-15,12,-5,23,15,-718,14,0,316,-158
-9,17,24,3,3,23,-14,-4,-7,-8,17,0,-12,23,22,7,-10
4,11,-3,19,-8,-8,12,-6,19,14
22,-14,9,6,14,25,-7,-9
22,-13
-13,15,17,3,15,16,21,9,-10,-7,-7,-5,15,14,-7,-2,2,12,-5,12,8,15,7,-13,23
-675,948,-308,-932,999,-895,-12,873,860,-270,-4,-17,-5,710,-764,995,-434,512,-424,583,-985,997,-220,-518,-401
24,15,-2,3,12,-11,22,-8,5,-5,14,5,-14,-15,-5,24,-12,22,-4,-5
3,-11,6,-13,21,-2,-12,14,-14,-5,8,6
8,1,3,9,-1,19,9,16,4,-11,-12,19,-4,-6,-2,6,1,-10
20,15,-7,201,-366,-697,25,981,599,-590,54,-972,-708,-14,-1,-2,3,21,-152,22,-8,178,25,-4,-617,595,394,-9,-1,-10,-3,3
20,2,-5,11,23,0,19,12,21,-11,8,14,6,-13,7,-5,4,1,-15,12
-364,889,-883,-4,123,282,102,414,-162,-712,18,11,-733,-997,-1,923,-595,997,-171,-57,146,-496,768,-464,975,745
21,661,12,900,-681,-881,-481,-126,-12,23,-9,-3,17,-620,24,-2,969,23,752,-87,2,-7,12,-80,-2,3,-330,23
16,-3,25,1,-4,12,5,7,-12
23,4,-12,9,-10,12,10,21,13,24,25,8,0,20,-12,6,-6,7,-14,2,1,-3,-4,9
5,-13,5
-5,-13,14,-2,14,-15,25,-10,3,14,8,-5,-11,-8,4,-5,-15,2,-6,-9,-9,13
-13,102,-568,6,8,-12,-40,747,229,7,-7,-11,700,1,504,251,488,-622,575
-11,-1,-14,12,10,5,-6,22,8,-6,-3
19,5,18,3,-6,-4,-15,0,-8,19,13,10,-11,-2,14,-9,12,-11,13,2
1,11,23,3,4,25,11,-15,16,-9,-7,3,11,-10,8,10,6,-2,-15,3
-7,25,17,-12,-7,5,25,-6,-3,5
20,25,0,7,11,-5,-1,11,20,-7,-1
-6,15,19,-10,-13,3,7,-14,18,-8,11
-9,15,-13,4,20,19,158,-5,-14,11,19,13,13,25,16,-989,23,24
15,25,24,15,19,12,14,6,15
-4,-3,-7,-5,8,20,21,21,1,2,10,17,13,4,-8,7,13,-14,-3,12,2,10,-6,-13,-8
10,-11,784,-70,13,19,4,-787,9,725,-6,-916,6,202,10,25,-11,-10,22,296,6,17
-8,1,23,7,25,4,15,20,-7,-6,7
20,17,-3,8,1,-9,-3,4,25,-10,-3,-6,-8,-1,6,-5,2
2,17,-906,-8,-4,25,281,634,21,1,761,0,22,-960,279,-999,22,-9,-6,0,-220,-13,127,17,7,-355,14,952,-8,-5,1,2
740,-777,-6,2,-242
-11,0,-1,5,12,0,25,25,18,8
24,12,6,14,13,7
25,4,11
9
-938,17,-842,4,147,-6,-5,799,22,803,13,507,16,-617,690,111,-812,-11,7,-577,912,-842,-9,-3,-329,215,-7,72,-5
-6,-3,-15,22,-1,25,-656,1,12,4,11,49,-15,25,2,7,23,12,-2,6,19
-10,12,20,-3,-1,-12,21,20,-12,1,-12,22,18
8,9,-9,2,-13,-4,-9,16,-10,7,-2,-10,-7,-7,5,-13,2,-2,-12,15,8,-12,5
9,-1
12,-8,13,-8,-14,-3,-15,12,3
-553,-64,17,-307,-14,-9,-12,15,525,415,22,13,21,-5,33,20,16,-269,147,151,6,-545,23,-12,-10,158,0,-9,-8,19,297,-369,-1,-10,-9,-573,365,8,1,884,-824,2
-6,419,194,-66,657
-812,-812,88,11,-35,-15,9,-15,-8,13,22,-240,-8,24,899,17,-712,24,-867,8,24,-13,9,1
-11,-10
16,17,-15,-4,-11,6,-9,-9,7
-10,25,-1,20,-9,16,-6,-1,-3,21,16,-3,3,16,-11,-15,13,13,4,-1,-10,-10,-4,-1
12,2,-11,11,6,8,-15,14,-5,9,6,12,3,20,-3,-3,7,-8,5,-4,-14
1,4,17,18,-14,12,-5,-10
12,11,-15,1,20
-6,24,7,-14,-4,-5
22,17,-15,-14,5,22,0,17,5
-14,-8,-10,3,-3,19,-15,8,-3,1,-12,11,24,10,-12,15,12,7,16,-13,-1,-2,-14,-1
5,9,12,-3,10,-10,10,10,25,-5,23,-7,-2,23,12,-1
16,-1,-9,13,-10,-4
15,-8,-6,7
8,24,18,-9,-7,-11,8,20,20,0,16,-10,20,14,2,-9,5,-7,-9,8,4,8
6,5,24,20,16,-2,23,6,-9,-11,4,-9,-15,24,-1,-6,-13,17,7,24
0,6,19,-15,12,16,19,5,16,10,5,-14,-11,-12,-2,-5
-7,11,12,21,13,-8,9,17,6
-11,7,3,-2,-7,-14,8,17,17,14,23,14,-12,11,24
-322,-645,-646,-703,866,37,15,-433,640,8,-9,-797,675,-996,163,262,617,-486
-9,19
18,5,19,-10,8
-515,1,-576,-11,-7,-9,-133,946,-600,-8,-2,-10,-113,-10,-574,25,-231,3,12,-13,524,18,671,-12,-14,12,817,23,673,-13,-432,-346,-863,-2,20,768,1,110,365,0,-453,13,254,15,-329,206,17
-1,6,9,-12,5,-6,23,5,4,-8,2,21
-2,-1,4,12,18,-6,1,9,-3,20,10,19,-11,-7,24,-5,9,5
-12,2,0,6,4,-8,6,2,19,-4,-4,-4,19,11
0,-14,-5,0,-15,19,-13,-14,16,12,-8,-5,17,14,5
16,11,-10,-4,23,13,-14,9,5,16,-13,-15,6,24
18,-3,-14,-7,7,5,10,-10,3,-7,8,-5
725,89,16,882,4,422,-14
20,-15,25,20,-12,18,12,10,16,14,-8,4,25,6,-5,-12
-2,18,25
-12,21,19,0,-9,8,15,17,24,-11,23,15,2,17
3,3,-4,-3
-10,16,9,19,5,-4,-12,-11,-5,8,14,0,19,-4,16
24,-7,-2,10,11,25,-11,6,-7,-11,-1,-1,8,17,-7,0,7,17,24
-6,6,0,-13,-9,17,5,-5,11,2,11,-13,0,4,9,18,20,24,8
-13,8,5,20,-7,16,23,-8,21,-7,22,25
25,6,-5,24,-5,-3,-10
11,8,-14,24,16,-12,8,-11,17,-14,12,16,-7,1,3,14,14,-9,2,7,-1,9
21,1,6,17,9,-9,12,-12,12,2,16,13,-2,-15,14,10,-5,15,13,-1,16,4,18
7,4
19,-2,11,-4,19,-9,-7,0,0,17,-13,23,-8,0,22,-14,4,6,-9,13,8
7,9,-13,-3,-5,-11,8,0,3,-5,24,13,21
7,16,-9,-3,11,21,-9,4,0,-8,11,24,9,16,-4,9,-2,25,18,10,6,-5,7,-9,-15
18,16,6,21,24,22,-10,-15
-8,-10,14,-2,19,24,2,5,1,15,20
23,24,-9,-9,21,11,12,-10,9,13,5,0,10,-8,18,12,13,10,14
-10,0,21,-15,-9,-6,5,-12,10
14,23,24,-15,3,10,4
11,-15,22,-12,24,-11,15,25,17,15
-5,-8,5,0,12,19,12,11,18,-8,13,-15,0,15,12
20,947,110,17,-12,19,-891,14,3,-14,-143,-252,17,2,-307,-12,742,-552,388,22,-15,8,-434,-9,288,-223,-958,-741,-1,-558,-14,-527,98,12,-2,702,738,-364,4,8
11,-935,21,11,-917,993,22,126,615,0,325,-740,-167,-762,881,-192,-745,-256,14,533,23,-729,-695,-7,503,-370,13,449,8,15,905,132,-8,253,12,5,0,584,8,2,-51,22,12
4,10,11,7,-10,15,-8,16,12,9,-5,-8,-15,-8,11,-11,-14,-12,-11,14,16,17
200,724,525,173,878,-203,-645,17,-6,-1,14,-907,891,112,-2,988,17,-1,98,18,-602,-936,6,391,-6,419,-12,-13,747,549,239,502,593,-934,584,445,-243,-15
-461,20,19,543,96,-441,824,885,-14,-601,-507,139,661,29,342,24,163,-246,-148,-404,845
15,24,8,-12,-9,-14,25,24,15,19,-7,25,-11,25,-13,6,-7
-2,-11,-7,-4,-4,20,17,24,8,-13,11,-14,11,-4,9
12,20,5,16,-15,2,-15,13,10,-15,7,20,-27,5,22,-1
-382,-1,-260,-15,23,-885,292,580,397,286,11,-9,-12,-316,-3
24,19,-13,15,4,16,1,10,434,477,-12
19,8,-156,2,-15,19,6,180,19,-12,11,483,-939,-196,-355,-1,-542
3,519,-3,17,530,-294,3,92,94,-62,5,-12,-121,14,-358,15,-396,-254,-7,1,-54,5,12,288,-1,20,444,7,-483,-6,-664,-12,-4,14,-290,15,760,307,25,-816,-667,-13,1,-575,16,16
3,22,17,15,-5,11,18
-723,116,-2,25,1,15,20,19,-521,19,14,23,703,-6,-644,8,22,902,3,5,646,8,4,22,264,23,2,-4,-708,-4
2,25
3,21,-3,15,22,15,18,-6,9,3,7,4,-1,13,15,-10,17,5,10
-5,-5,14,11,-1,-10,-3,-3,13,-3,-11,17,-11,-8,18,21,-9,2,2,3,-8,24
-9,9,-707,-13,-601,1,-758,-1,-4,304,599,-8,22
23,12,15,-8,-12,-5,10,7,-14,-1,-3,9
909,-341,2,424,-2,7,5,-8,247,15
-15,10,-10,21,20,15,-2,12
17,3,24,21,-12,15,12,4,19,1,24,-7,-12,8,19,21,-13,-7,-14,10
12,-15,-15,-5,15,3,-2,-11,-2,-1,3,-13,2,24,11,-14,-15,-13,19,19,-11,-4,-11,-7,-12
-4,0,-7,89,16,23,10,22,9,13,7,-12,21,-5,14,-10,-5,20,-9,-7,-10
0,-5,-13,-6,18,8,15,-10,22,6,14,19,6,20,-9,15,22,17,8,20,3,8,-12,-8
11,-8
198,-575,5,-583,-1,212,14,285,-924,-10,622,4,603,18
-3,0,-13,1,8,-13,14,8,0,11,11
8,-5,16,-1,22,21,-3,8,19
12,-10,8,19,23,-15,-7,-3,12,2,22,-2,22,-7,-1,-9,11,11,21,7
-15,-13,-14,4,6,-6,-1,12,11,-15,-7,10,13,2,2,7,-13,-11,-2,-13,10,-13
25,-11,-1,18,-49,913,6,-528,9,1,16,-538,-3,829,767,-1,-11,5,11,-307,646,-10,-61,-15
-8,15,-3
335,-426,20,-819,369,8,964,96,7,-622,799,461,-4,-665,543,494,838,-446,-392,-457,-679,-2,478,9,873,13,888,-578,-11,22,982
-6,-6,3,-7,23,-4,-1,-8,-10,12
11,1,1
23,13,24,-10,14
-12,-5,11,-4,-15,22,-14,8,6,4,24,1,-15,-8,0,3,-11,-12,-5,23,2,-14
-10,-11,1,-14,-15,23,-5,4,1,11,1,15,7,4,7,-14,18,3,12,7,2,10,22,-10
20,11,4,13,-1,10,1,5,21,9,2
-4,3,14,-14,11,12,-6,9,-1,-15
12,-15,-4,-1,13,24
-13,-13,-1
1,-4,1,9,-2,23,23,-6,2,6,9,14,-5,-1,8,6,23,-9,-2,-4,1,20,7,15
6,15,-13,7,5,-15,2,2,24,-12,19,-10,13,22,22,8,24,-15,17,9
6,-1,6,25,12,11,-11
13,8
13,-10,20,21,-11,20,4,24,12,-15,-15,8,0,10
670,-2,5,24,291,5,685
16,926,126,18,-8,-89,9,-363,10,20,-672,7,-62,-893,19,17,17,-535,-3,14,-10,-4,21,6,10,608,22,-12,12,-1,-442,-3,-97
16,12,-10,-7,24,13,25,4,25,2,15,0,13,-7,4,12,19,11,-2,-3,-15,-2,-1
4,-11,-8,-933,393,4,-6,17,-14,719,-13,25,14,608,-14,18,18,-15,-8,-6,276,271
-12,10,785,-2,-578,-7,0,23,5,16,21,21,22,9,-3,21,-15,-4,-75,-11,9,15,11,23
24,1,1,-13,-9,-3,-13,-8,-9,19,5,20,11
22,-12,19,-10,-5,11,-4,-1,14,-6,15,7,21,9,24
-67,-9,656,307,606,-284,-379,-480,904,24,-1,23,-193,453,156,-7,-859,9,-9,16,-13,639,-930,-10,-166,861,968,-14
-833,8,159,853,475,10,90,-135,-889,-9,31,276,888,357,25,-471,23,13,-556,10,-629,90,894,991,788,109,-863,-4,985,2,800,-922,671
2,-12,-4,14,-14,2,25,-8,19
-3,-13,21,8,22
-10
-9,2,2,7
6,20,11,8,24,-13,2,-15,3
-932,-804,89,339,-232,-12,-10,-10,15,7,964,6,-124,16,278,-9,6,21,-173,-10,-825,-408,-715,9,19,-432,899,13,8,-15,21,5,3,-77,826
1,-12,19,-7,19,7,4,3,23,-13,17,14,16,-4,19,-8,20,-11
-2,9,25,-10,-9,11,-12,20,-2,6,12,-7,5,-4,20,25,23,24,-4,-11,18
-13,-1,17,10,11,-6,-8,7,2,-13,13,10,23,-1,-4
-10,-8,3,1,4,-10,25,23,23
5,4,-4,-7,-1,-15,-4,20,21,2,-14,2,15
10,-9,50,1
-6,-7,-5,13,2,1,5,12,10,-5,20,13,12,12,9,-720,3,-904
20,-6,14,23,-12,10,-5,12,13,5,21,13,-6,4,-5,20,12,24
-11,-3,-3,-4,13,5,5,20,15,3,-9,14,23,15,11,7,5,19,-7,-8,14
-14,22,19,8,4,-4,-2,22,-1,-7
17,-15,-14,7,-11,6,19
-14,4,-14,24,-14,15,0,7,-13,-14,-2
16,24,17,13,23,-14,7,-6,-7,25
-351,928,2,90,-11,9,-500,519,206,-893,21,-13,22,-300,839,-723,-873,515,-2,216,11,-12,258,620,0,-9,356,-568,9,8,4,11,6,464,-425,3
15,21,-5,-7,-5,-12,5,-13,13,-4
21,17,17,18,11,17,21,22,22
-3,10,-6,19,23,-3,-11,-14,22,24,15
1,-9,13,22,-2,2,-2,7,1,-5
-7,9,12,0,6,3,11,21,21,-8,4,-13,25,-5
-12,332,-243,23,-811,-759,-760,151,-794,680,16,21,-283,-885,441,-511,-9,-219,-14,-566,-157,-116,-10
2,-1,-14,8,23,-1,9,-15,-14,11,13,14,18,9
365,-9,-9,6,231,694,-658,10,837,4,-267,3,-448,13,-266,17,22,4,-18,9,1,-3,17,17,16,2,20,549
283,849,563,19,750,-521,217,-825,-360,-10,716,-722,7,-43,904,-707,-801,-604,130,442,297,-2,103,-847,-652,-14,-854,-178
10,-11,19,6,13,25,18
11,22,24
3,-14,-4,-11,-5,15,24,-13,-11,-1,10,0,-12,3,19,25,20,22,13,0,2,-5
-13,0,12,1,13,-9,-1,12,1,4,21,-10,6,10,-15,12,22,14,-8,10,-6,-2
15
9,-15,14,13,-14,16,-12,6,10
-14,2,23,23,25,3,24,12,19,-10,22,-3,6
9
20,-15,-4,1,7,-2,-8,13
-13,717,-14,16,6,7,20,20,11,4,61,1,988,706,-6,-27,-10,559,24,675,257,1,-253,-413,-239,5,16,-55,-10
-1,-15,12,-2,-10,510,-46,235,-4,16,-475,15,6,-377,473,-850,-7,-4,750,533,20,-15,0,4,853,64,663,8,-662,22,-13,79,20,-15,22,-4,928,-657
-11,-840,-985,24,665,697,-772,-697,-131,712,955,16,709,-546,635,-855,13,104,-327,18,19,137,-909,-732
12,-3,-15,3,-6,9,13,11,1,10,14,20,-1,20,-6,7,14,13,1,11
18,13,15,-8,9,-7,6,-6,-12,-13,-11,17
0,-6,3,-9,24,21,-4,-7,-3,7,-15,-8,19,5,18,-10,-2,2,5,24,24,6,-7
20,-260,-2,-847,-906,-5,13,8,16,-15,1,-9,-1,-839,-912,699,973,-3,-1,-13,19,-776,0,6,-64,-9,-2,4,5,-11,-12,-787,781,-8,-791,-735,15,887,9,0,284
357,-1,454,-12,-588,984,-549,-694,-230,177,8,-674,-480,497,-12,15,-8,-1,-170,21,352,701,10,-668,-583,813
6,-8,-5,-8,6,-8,-2,20,16,2,13,1,14,5,2,-12
7,-3
11,16,6,20,0,2,13,-8,15,12,7,5,-7,-15,25,11,11,-8,9,-11,-11,15,0,4,9