33,49,82,31,27,35
57,36,56,100,85,4,75
55,52,17,59,29,56,37,97,2,100,91,82,22,98,43,90,47,93,70,74,36,13,57,92,66,16,51,87,69,50,21,61,40,9,89,32,78,20,62,33,28,12,72,80,42,23,64,73,53,46,4,96,54,6,31,48,44,81,3,86,19,83,24,41,18,26,7,99,39,58,67,77,76,11,88,60,8,65,71,25,79,45,95,1,10,75,5,63,49,34,84,27,14,35,30,85,38,68,15,94
49,27,62,82,31,42,70,78,12,29,46,44,74,18,14,58,39,11,17,64,91
32,27,69,40,65,46,75,98,68,84,30,48,11,71,34,57,37,13,50,21,2,14,89,83,63,7,81,8,49,5,29,56,45,42,96,87,1,52,72,94,24,74,36,26,64,12,78,18,55,35,10,60,33,73,9,93,77,4
90,32,75,95,70,62,23,14,54,50,40,93,72,13,56,20,57,96,99,58,29,94,92,73,10,44,16,22,41,19,17,77,79
90,7,43,52,2,16,35,78,24,9,40,77,86,18,63,32,81,71,21,51,8,5,61,41,75,85,47,69,70,17,97,1,38,96,82,56,34,12,45,29,98,87
45,59,39,55,7,31,16,87,20,47,52,34,27,51,54,80,83,88,58,92,11,89,44,64,94,63,35,30,1,86,76,70,91,33,75,40,29,97,82,85,61,2,23,77,71,37,53,67,79,19,93,46,13,72,26,41,95,8,22,62,69,66,18,99,9,24,17,100,96,48,65,3,60,68,57
62,54,98,27,26,60,52,50,85,76,11,58,4,24,80,7,78,45,36,37,17,38,70,20,8,21,9,68,81,18,97,32,53,96,10,65,51,89,75,64,31,12,86,46,49,16,92,61,44,29,87,77,99,84,56,55,40,5,73,28,22,13,74,19,100,57,42,71,91,82,69,90,83,41,34,48,95,35,25,94,6,66,47,88,14
71,100,40,17,82,37,74,14,34,79,68,48,65,12,4,61,98,43,24,30,57,70,86,33,53,96,83,72,1,63,54,59,18,49,76
82,91,12,24,56,19,73,25,23,98,33,54,42,77,31,97,71,18,50,96,14,47,67,7,86,34,55,46,40,51,62,20,13,38,93,8,74,45,63,84,17,80,81,85,6,49,28,22,65,41,66,75,92,15,39,89,32,53,37,69,59,26,35,11,58,57,72,87,30,90,99,21,95,48,10,61,2,4,78,16,27,9
75,94,42,47,18,77,91,86,38,61,92,17,83,45,50,55,49,51,65,14,46,31,24,11,26,96,66,79,69,88,70,95,35,37,73,3,41,90,68,30,63,8,20,34,5,7,13,82,59,48,33,12,9,25,100,67,4,32,27,36,99,80,6,98,16
62,80,6,38,12,16,77,22,18,87,35,88,96,61,36,63,100,99,73,60,68,9,66,43,21,71,98,11,44,10,79,1,39,48,31,54,46,64,25,30,17,5
23,83,15,98,18,3,26,34,65,86,50,35,32,33,92,85,1,29,99,11,41,77,64,78,14,82,37,58,38,49,84,72,24,93,51,22,31,6,74,73,71,62,55,96,21,59,56,94,90,81,9,40,7,68,88,80,57,13,12,25,54,53,30,2,76,17,61,66,100,19,89,16,69,47,67,91,39,95,63,20,75,28,87,97,43,5,48,79,52,70
14,60,74,24,30,39,88,66,5,8,2,71,29,54,91,11,58,35,28,27,59,45,12,90,67,33,40,9,76,16,56,70,51,1,94,100,79,72,83,95,98,53,21,62,73,15,42,93,43,32,44,25,55,23,47,75,96,17,85,7,86,46,20,97,57,31,38,52,6,64,19,41
97,90,57,32,35,41,33,28,5,68,60,72,92,53,14,54,30,2,24,27,100,43,8,95,70,96,40,22,29,88,86,83,13,39,4,42,52,51,7,65,87,6,21,12,58,49,94,17,78,76,74,93
19,60,30,54,3,51,6,71,29,27,70,48,13,100,2,56,89,11,76,25,45,69,40,42,18,73,83,63,96,82,67,93,12,90,16,39,22,85,28,95,75,14,49,77,92
23,81,42,2,7,1,18,48,69,3,11,68,44,40,28,46,73,33,14,10,41,19,60,24,39,22,38,71,67,72,12,100,15,21,80,31,87,37,50,74,52,86,8,43,26,53,95,66,64,5,20,96,78,65,51,85,97,61,9,35,90,88,75,99,58,16,63,98,55,70,57,17,79,84,92,27,94,4,62,89,36,91,47,83,49,82,30,45,76,25,32
93,68,97,80,65,38,43,17,12
93,99,36,55,28,34,53,29,16,33,26,78,19,14,18,59,15,91,66,81
74,53,52,38,67,21,85,6,44,69,41,91,87,13,75,80,32,66,60,12,30,31,71,70,86,95,58,35,62
42,41,79,5,4,73,7,27,95,64,44,6,76,38,21,1,31,15,28,50,80,55,65,57,100,22,35,70,14,60,98,33,48,84,53,18,61,90,96,78,49,3,97
96,54,64,84,26,17,78,51,76,63,28,48,61,59,43,15,16,71,7,73,82,12,18,100,11,33,62,55,3,29,25,86,58,75,20,53,42,87,93,35,70,44,36,90,41,49,38,14,24,4,47,97,40,5,30,85,21,9,72,57,67,99,52,46,8,94,92,13,95,37,34,89,56,83,60,45,6,10,1,88,39,81,2,65,23,79,32,66
95,29,80,99,79,81,92,93,72,8,26,53,58,100,32,4,67,45,73
83,19,69,96,60,82,22,16,52,64,78,48,24,40,1,5,11,9,20,41,71,29,68,87,85,43,62,13,42,26,44,94,73,17,72,92,33,67,53,35,55,58,54,46,51,6,28,80,49,93,61,79,32,10,25,15,3,84,30,75,89,2,81,4,100,99,36,98,74,27,8,50,39,91,66,95,31,37,86,45,18,90,76,97,23,57,63,65,21,56,59,70
39,79,62,44,59,7,83,27,1,47,54,71,80,89,67,3,92,97,84,56,63,34,31,48,66,65,8,9,2,12,95
76,48,73,69,92,21,45,87,85,38,4,90,16,20,27,36,46,9,91,50,15,42,10,61,67,19,44,79,81,34,40,65,5,39,80,33,35,51,86,100,17,52,31,12,74,77,89,18,75,68,37,30,98,82,58,47,56,55,70,95,84,22,53,62,29,49,64,11,1,60,72,57,8,6,26,66,43,93,59,32
21,14,90,46,69,77,11,24,23,65,45,41,92,83,62,73,60,48,12,80,98,4
11,83,39,56,48,63,41,20,78,71,52,88,5,34,42,23,14,67,12,10,95,36,24,82,4,65,53,87,46,49,43,90,86,27,40,98,1,79,60,37,50,30,61,16,3,28,64
87,83,23,12,11,40,92,81,96,52,57,45,72,38,61,88,16,70,28,95,99,8,55,71,50,20,51,9,33,31,32,37,2,14,65,80,46,77,90,34,73,63,13,30,44,62,54,100,39,22,36,79
31,22,100,64,81,8,66,14,55,65,45,24,98,12,68,13,89,16,79,67,53,1,38,71,6,9,62,5,95,50,23,28,10,46,47,84,29,15,82,4,37,21,7,26,20,72,69
84,71,3,38
3,84,22,53,17,74,29,91,65,52,24,39,88,26,56,43,60,63,55,97,80,89,19,1,31,16,38,2,13,82,42,34,95,92,41,9,70,6,87,83,90,59,32,30,85,37,12,23
61,100,98,90,20,19,72,30,12,2,62,37,6,47,35,21,94,69,60
18,71,81,98,39,2,32,56,37,87,47,89,4,38,14,21,80,69,86,64,83,90,40,22,9,94,72,60,55,99,10,16,36,53,12,33,24,57,48
87,20,58,29,52,16,10,26,48,25,92,24,43,7,30,27,96,64,40,77,53,19,99,41,5,54,14,51,6,66,70,13,68,88,72,63,59,47,85,90,50,76,49,2,8,35,86,46,17,74,95,82,60,38,100,81,83,71,4,56,3,94,89,57,67,55,11,28,1
100,23,21,45,28,22,38,68,40,32,79,53,76,56,85,73,62,91,11,59,39,26,4,49,37,97,70,96,57,82,61,6,5,86,33,99,25,90,77
31,93,64,39,23,28,29,14,63,96,3,44,80,49,2,95,43,7,45,90,71,53,92,78,19,86,84,13,70,88,38,47,17,52,10,42,69,97,75,74,85,67,81,57,25,20,37,56,100,99,60,27,59
51,18,99,20,60,2,72,8,21,24,23,54,53,67,40,73,43,28,45,56,92,66,27,81,1,57,26,74,34
26,34,57,16,29,84,21,58,50,56,88,38,43,19,30,92,35,15,46,98,17,11,33,69,64,6,77,37,99,10,20,75,49,28,86
29,97,27,20,31,5,95,15,93,14,67,75,77,55,99,88,92,96,10,98,7,79,46,57,13,33,86,70,54,81,9,43,11,8,100,18,73,53,62,87,44,28,22,80,23,32,41
1,14,46,93,10,50,92,86,100,38,75,30,24,67,51,76,4,19,20,66,17,77,32,12,11,81,88,65,74,47,59,36,79,48,83,70,84,61,34,33,64,69,6,31,42,16,98,85,68,58,71,40,13,53,73,82,96,22,23,99,97,49,3,7,63,60,18,54,8,37,89,56,72,35,21,57,94,90,28,91
68,40,97,53,77,25,44,42,82,11,63,88,35,57,72,65,8,3,95,12,73,52,83,75,4,16,59,15,27,50,69,96,100,34,79,70,43,18,5,23,31,48,90,76,2,62,41,99,56,33,94,9,37,6,32,51,74,29,10
65,18,30,44,91,35,16,49,2,43,36,15,100,22,70
50,57
21,12,86,22,49,37,16,62,84,89,94,9,41,45,35,4,13,81,8,27,59,19,42,95,57,34,91,77,64,43,92,79,67,55,90,36,51,53,72,78,65,24,52,66,2,29,46,7,96,50,14,74,20,17,83,40,3,11,30,54,98,80,97,10,28,33,6,60,38,85,39,26,71,1,69,88,25,68,58,73,82,15,31,32,93,61,44,70,75,23,18,63
100,34,14,11,61,16,13,70,35,15,28,74,50,67,69,48,4,59,73,32,98,86,97,18,1,72,3,53,95,2,76,40,33,94,75,96,36,55,99,80,9,91,22,29,85,39,30,81,45,10,21,83,90,77,87,89,52,49,24,47,51,62,60,56,20,8,66,7,58,88,57,25,54,31,38,42,12,27,23,6,78,65,64,44,46
32,9,76,25,16,19,41,79,68,44,26,47,51,2,84,31,74,45,27,4,98,42,70,64,48,43,29,93,83,34,60,46,38,39,86,55,78,13
34,69,43,36,60,90,11,73,12,87,33,54,31,28,13,37,96,64,94,19,83,4,25,41,92,59,80,45,1,3,61,62,17,55,7,40,48,26,74,6,18,76,99,50,52,86,14,93,72,15,89
97,49,64,75,9,3,53,59,36
77,99,37,82,88,42,65
80,89,81,67,55,56,32,62,48,43,20,7,16,14,3,17,6,25,85,47,10,61,93,100,44,98,88,40,46,26,66,33,95,91,77,53,60,23,21,94,82,24,19,41,86,57,69,4,51,71,96,79,28,42
40,25,34,96,36,44,58,41,10,60,70,79,99,91,82,22,68,76,50,38,53,93,92,13
70,96,31,99,82,24,1,53,78,29,93,5,85,39,2,67,94,73,66,90,52,37,33,6,83,23,59,65,46,54,27,100,47,95,55,19,17,71,18,28,97,16,56
69,66,28,14,98,29,1,94,34,79,44,49,97,4,93,60,21,88,77,78,3,85,90,36,32,63,27,13,75,48,30,7,18,33,71,62,40,81,61,74,23,22,82,26,86
32,99,52,34,54,73,25,82,41,18,39,5,66,26,8,56,13,57,85,67,4,9,37,22,55,64,48,29,75,6,74
46,51,25,47,11,69,41,10,75,6,20,37,67,85,63,76,61,17,72,74,81,94,78,34,45,29,55,71,24,68,42,53,82,14,56,52,13,43,26,31,70,7,1,58,3,40,89,32,93,2,54,62,57,91,4,33,80,48,19,39,84,8
59,98,94,74,20,30,36,43,75,91,92,93,87,81,29,1,22,14,40,100,8,19,2,57,82,71,38,48,10,63,11,15,7,51,97,35,5,76,55,56,45,58,37,26,70,89
58
62,26,20,54,60,11,64,45,57,50,23,95,37,46,33,48,43,2,61,67,13,18,78,83,94,3,92,98,7,14,22,53,65,24,32,87,16,10,77,58,38,70,71,100,75,84,47,96,72,68,99,82,28,6,80,56,97,31,49,66,85,93,25,4,9,30,79,44,51,76,91,52,21,86,90,36,69,40,1,17,59,81,74,55,89,15,12
61,7,76,11,100,77,92
32,48,59,79,6,75,2,69,98,71,96,93,60,53,12,87,3,77,44
21,67,70,42,29,98,88,89,52,14,59,100,62,85
82,88,46,36,47,70,56,96,60,49,14,63,77,87,61,24,18,53,26,74,2,12,52,75,99,86,50,85,9,43,83,30,92,73,25,7,17,33,32,19,58,11,10,57,13,84,97,1,39,66,68,5,100,69,81,90,4,54,48,67,6,28,42,29,71,51,80
32,56,64,41,13,87,95,57,86,44,67,8,61,58,62,82,92,79,22,37,76,1,28,35,74,33,75,42,38,85,12,14,5,36,97,89,100,21,15,88,84,29,25,65,63,4,99,40,59,11,18,68,46,98,19,34,70,31,96,3,81,17,51,49,45,10,55,16,54,24,7,93,20,23,66,94,39,83,27,71,53,80,73,2,69,72,6,47,52,90,26,60,30,50,77,78,43,48,9,91
67,17,6,47,22,95,64,26,34,94,20,18,58,46,56,16,65,45,63,61,82,41,51,43,19,37,23,89,73,71,88,1,21,25,9,57,100,87,44,32,13,4,2,12,33,53,93,66,96,8,5,99,10,98,35,28,81,59,38,39,48,30,62,70,85,72,80,40,83,42,92,68,84,97,78,76,74,54
22,14,21,76,35,18,57,95,45,4,73,3,69,47,12,1,79
77,98,1,5,89,26,88,18,66,36,90,87,42,46,82,17,22,70,78,57,10,54,80,7,64,21,45,67,31,51,97,79,63,68,95,49,59,85,73,91,62,14,83,12,71,69,56,100,8,93,11,60,6,65,39,94,20,86,99,43,50,16,48,33,44,24,72,38,47,19,61,37,28,2,58,15,53,41,81,9,29,4,52,74,25,32,55,23,34,35,76,84,96,30,13
58,2,28,43,84,46,83,72,39,34,15,62,97,61,98,26,10,24,1,31,22,59,87,47,81,6,91,86,92,25,96,60,74,93,4,53,37,54,78,3,85,17,75,14,50,40,65,71,69,27,79,94,51,7,70,5,41,12,8,99,100,21,80,19,11,16,68,66
78,88,37,47,56,83,58,91,34,9,8,49,63,46,65,72,5,20,53,18,44,57,33,14,28,27,13,62,35,24,97,74,69,89,12,45,30,80,73,94,71,60,75,54,67,93,23,77,99,52,84,64,82,19,31,38,43,59,86,10,41,50,55,95,81,17,51,2,66,76,32,29,11,40,98,16,7,26,36,48,87,85,4,15,3,6,90,1,100,21,25,79,22,92,61,70,96,42,68
66,95,6,31,81,30,67,38,97,63,50,26,17,64,61,39,73,41,70,51,49,58,23,69,42,91,12,34,19,35,46,100,99,27,45,75,84,78,53,10,54,90,29,22,68,2,13,80,71,62,40,85,83,82,94,52,28,76,25,11
72,63,90,15,30,77,39,51,55,88,50,46,34,1,65,58,23,82,89,43,28,25,19,71,29,60,49,13,83,45,79,11,38,18,12,85,95,27,80,32,20,100,96,31,78,84,74,41,7,21,8,66,24,91,4,81,70,26,10,9,53,36,69,98,86,6,94,93,37,47,3,99,40,2,16,17,33,52,73,68,76,62,54,87,75,97,35,48,42
14,43,76,39,25,74,86,53,18,21,36,52,91,60,8,99,65,6,78,1,93,75,3,72,30,55,79,41,26,11,9,31,95,83,92,28,90,85,47,82,4,40,57,45,17,7,15,32,64,73,69,80,38,46,77,96,61,20,68,13,59,23,54,34,94,81,22,84,89,58,42,50,48,27,66,62,70,5,12,63,49,33,19,97,24,98,44,29,56,2,100
71,22,49,63,81,48,8,56,82,35,88,27,77,66,33,9,25,6,68,64,12,31,89,40,10,97,30,13,19,70,4,21,83,41,44,94,42,69,62,52,73,23,50,60,20,29,61,36,39,14,86,72,95,92,16,84,74
7,16,53,62,85,51,8,66,87,79,67,45,71,94,100,97,5,49,60,91,24,99,43,37,12,15,90,78,21,93,74,92,35,34,76,89,19,70,56,17,82,59,55,88,2,4,86,46,68,14
94,20,6,32,67,62,42,47,51,17,52,24,95,3,27,85,41,58,30,45,76,16,93,44,28,15,68,60,74,64,18,63,12,50,66,21,75,46,73,65,77,98,11,88,7,33,36,99,8,54,31,87,80,83,10,57,72,19,1,25,2,56,71,48,79,69,59,5,96,29,9
59,68,53,42,20,83,92,67,96,48,36,43,82,64,73,94
42,49,84,58,40,23,28,76,2,34,20,77,92,31,44,30,70,45,83,93,33,35,63,65,69,87,12,13,82,66,73,9,47,96,38,29,32,46,52,8,86,25,57,11,15,94,7,55,75,97,91,6,56,18,10,61,48,62,78,17,98,67,81,59,41,4
53,17,27,30,70,35,14,92,46,83,33,65,7,78,3,98,74,34,20,57,4,99,91,87,96,84,66,31,75,80,52,5,79,19,81,37,40,38,8,95,54,24,22,89,48,71,1,32,50,90,13,2,18,88,9,23,64,59,85,41,68,15,21,76,93,100,63,82,55,45,36,12,69,29,6,86,67,39,44,56,11,94,60,97,61,72,62,28,42,47,43,51,77
20,84,68,53,24,36,89,50,23,26,2,58,30,39,25,94,10,4,62,74,61,67,33,63,47,85
84,72,21,57,9,56,43,8,75,7,61,94,28,29,4,26,52,48,55,58,40,13,23,65,89,74,62,44,35,88,34,51,83,82
49,42,53,89,28,87,71,34
62,15,87,13,93,55,76,100,1
29,33,66,9,39,86,22,59,64,53,27,65,19,32,34,88,76,8,73,38,90,47,95,35,82,96,43,97,31,15,40,74,100,91,36,46,98,24,80,12,55,25,85,52,94,99,78,51,49,63,20,69,67,4,75,21,70,48,54,1,87,68,18,30,26,62,81,37,50,92,6,61,41,5,3,89,13,42,93,23,83,58,60,72,56
31,24
71,72,37,94,81,53,69,75,60,77,15,23,58,48,5,62,13,99
86,35,50,31,6,63,69,43,46,13,70,1,62,58,19,3,91,60,26,45,14,79,71,5,51,48,54,97,2,39,74,52,61,95,59,80
74,87,9,71,11,40,7,77,18,72,2,54,95,69,93,86,44,76,49,56,90,88,59,28,62,1,46,32,55,14,58,29,89,50,39,45,61,4,99
29,67
83,33,7,70,27,30,88,2,69,79,32,74,14,50,48,100,19,29,1,98,17,68,21,59,56,46,16,61,5,81,18,8,4,99,80,34,89,84,63,76,36,60,6,35,57,71,65,20,85,23,38,54,94,93,66,22,49,40,15,82,91,97,41,47,11,43,51,28,37,72,78,62,25,75,67,58,86,96,9,55,45
80,86,41,55,40,22,12,15,16,23,77,27,68,30,66,25,94,43,11,3,21,44,57,71,63,7,91,98,13,32,28,60,2,59,19,14,4,9,42,39,83,29,62,79,99,100,46
76,91,3,81,41,37,42,87,19,68,31,70,2,82,93,100,23,72,39,47,12,96,36,95,78,66,97,24,32,84,29,62,30,89
82,78,25,79,34,35,2,58,90,8,50,67,13,43,16,75,81
53,63,10,96,35,68,8,18,40,15,66,93,87,32,59,69,19,62,38,43,64,9,48,58,95,83,42,27,56,52,4,16,34,78,51,76,49,91,82,75,89,24,65,31,61,22,33,90,94,11,5,36,92,7,26,81,57,41,12,14,6,71
26,34,10,11,93,84,70,36,88,31,57,81,98,37,18,49,72,47,22,28,17,25,4,55,20,80,21,53,33,92,8,74,45,60,85,67,65,42,90,91,78,16,73,54,86,50,35,43,14,3,24
53,83,64,66,15,59,47,54,71,57,6,19,48,67,25,40,46,26,41,65,42,96,84,61,49,11,70,5,21,4,39,30,18,62,72,9,2,90,95,32,36
86,99,38,17,60,67,91,6,12,88,61,68,72,47,65,53,80,78,49,95,46,70,23,77,87,29,92,100,8,30,69,44,36,11,18,7,98,66,58,63,62,39,51,9,13,90,55,24,64,22,89,93,59,26,94,25,48,10,83,54,84,41,81,34,35,4,14,37,79,75,56,57,16,40,33,82,28,31,21,3,71,5,42,85,43,74,50,2,19,20,1,97,76,52,27
41,33,18,22,4,51,2,21,63,65,75,80,85,60
86,33,89,3,4,46,37,78,35,72,39,44,14,5,60,70,73,38,41,99,62,28,50,25,52,76,34,49,77,71,59,83,20,88,58,36,91,1,15,94,31,96,80,81,6,87,18,85,90,51,63,2,98,16,56,100,53,54,75,40,95,23,93,27,79,30,11,32,7,64
100,49,63,12,68,91,75,43,32,3,92,89,79,83,36,39,87,57,45,42,98,85,81,22,2,30,47,33,11,61,96
7,12,70,51,76,77,16,23,54,35,66,37,98,75,71,29,3,39,85,65,62,53
6,36,94,92,83,49,54,52
42,5,81,34,73,94,28
76,46,36,53,91,69,8,14,5,1,7,96,39,22,31,11,27,57,24,100,45,30,2,35,80,15,50,9,87,4,93,43,66,77,75,33,26,82,85,99,67,92,41,44,55,19,73,17,21,52,58,72,62,48,63,6,95,32,20,97,89,49,13,98,56,40,79,42,18,74,83,90,54,86,25,10,68,61,59,23,88,38,71,47,34,12,3
63,21,2,4,22,87,72,52,7,13,5,95,46,12,45,43,51,86,79,9,66,77,55,47,11,50,81,34,49,73,18,14,88,69,31,16,83,91,78,97,100,64,36,26,20,33,92,76,59,39,93,8,71,19,6,54,10,42,57,96,24,75,99,68,80,89,84,70,32,37,60,82,29,98,67,85,38,48
56,100,72,81,63,41,16,9,77,14,12,18,40,84,45,37,83,71,15,38,10,91,79,25,33,89,34,8,60,70,20,5,88
41,73,84,99,18,54,63,8,85,22,24,91,66,35,3,11,27,2,72,19,17,52,98,33,21,95,88,46
5,72,86,100,25,47,94,71,45,26,91,53,67,19,62,80,46,8,69,22,68,20,58,21,40,29,77,32,75,81,9,10,92,70,54,50,2,66,83,52,98,96,79,13,4,48,36,93,74,1,35,3,49,76,51,28,63,34,12,17,78,88,56,89,11,37,99,7,41,38,90,97,33,43,18,61,6,16,30,44,95,85,64,27,87,39,60,23,42,73,14,24,82,55,57,84,31,59
50,53,72,69,15,35,87,74,100,64,84,5,48,3,39,65,29,26,82,91,47,11,22,80,68,42
3,15,87,69,82,37,18,97,80,32,63,8,90,58,27,16
22,65,21,37,16,68,2,84,11,70,86,61,10,45,38,54,60,66,94,44,8,27,90,4,43,31,63,9,26,51,17,7,53,6,58,64,40,76,96,47,46,71,91,13,97,100,85,99,92,14,78,36,1,88,62,79,28,30,74,98,52,39,18,56,72,29,95,42,50,41,57,77
44,25,86,22,33,73,97,68,90,54,67,61,29,88,37,34,15,10,20,56,8,55,48,81,4,9,52,58,31,59,14,28,78,23,3,21,26,40,74,99,82,1,6,79,11,2,62,69,95,47,77,49,93,85,92
29,58,60,18,47,87,34,2,10,45,96,80,97,7,48
36,12,94,71,17,51,43,26,7,87,37,19,25,96,61,97,24,60,58,55,84,74,75,48,29,57,53,85,63,41,46,65,98,72,66,18,88,21,5,93,76,73,69,42,2,33,100,10,27,95,92,82,9,68,14,30,77,45,78,90,28,4,59,1,35,80,44,70,83,49,89,6,32,67,47,91,54,50,52,13,79,23,39,81,11,99,34,40,16
79,83,45,72,29,39,95,59,1,89,64,34,25,8,18,85,5,99,23,41,50,51,11,28,21,70,12,62,13,27,44,40,49,47,58,20,68,97,53,77,30,98,91,84,43,9
37,98,23,14,7,57
63,80,28,77,2,84,40,15,91,54,78,42,68,18,21,70,23,65,99,95,30,13,85,6,47,92,34,3,98
47,40,76,20,30,7,26,66,19,9,58,72,80,13,10,65,2,45,87,71,22,68,51,61,4,23,8,77,91,84,14,78,15,57,88,48,93,60,90,94,32,56,74,69,42,89,17,1,39,75,100,46,49,92,28,5,98,52,36,97,25,11,82,44,79,37,31,54,59,6,3,95,55,21,73,53,83,63,34,81,12,62,64
46,72,15,52,41,62,40,92,81,31,70,22,47,98,88,5,89,26,29,87,64,39,19,13,67,4,9,17,11,38,23,59,66,50,51,55,90,94,78,33,28,48,79,16,8,37,25,27,30,14,77,6,91,36,57,68,60,45,65,7
14,82,99,80,87,56,11,12,62,22,43,33,64,90,17,46,93,86,98,47,4,48,68,69,23,15,30,67,85,27,21,35,97,20,42,51,52,53,39,77,34,44,16,65,70,71,31,57,54,36,59,50,8,13,92,18,41
44,36,79,84,87,82,88,6,40,29,53,76
69,28,47,73,49,1,65,99,78,20,19,23,86,36,11,31,37,74,71,18,64,93,61,96,62,3,41,44,39,51,92,75,17,21,56,60,2,77,81,68,25,42,13,80,9,12,10,22,46,52,70,98,34,72,85,84,94,30,57,45,35,59,88,91,97,58,79
40,69,54,34
10,49,71,17,86,30,92,79,27,61,15,68,58,89,88,75,45,95,93,12,34,48,87,36,46,32,2,24,39,41,14,6,91,76,83,72,26,52,51,73,54,65,20,35,59,55,97,18,37,1,3,69,50,60,90,100,38,29,81,22,21,99,78,9,23,31,74,44,11
73,31,67,11,8,14,70,51,29,72,15,53,35,63,47,23,25,36,85,68,46,43,24,99,76,56,58,77,64,100,42,91,32,75,3,4,22,44,90,96,21,39,19,78,86,40,30,16,83,98,61,88,10,62,94,52,49,37,60,28,89,13,93,17,57,55,26,45,7,71,65,59,48,97,74,9,33,2,5,27,20,34
2,21,76,81,33,60,75,14,68,41,70,40,55,5,80,74,8,51,29,92,30,54,24,19,37,23,71,28,57,93,16,64,6,72,59,43,31,15,9,56,91,44,99,46,52,49,85,32,22,78,36,98,58,13,63,3,84,35,66,26,83,48,20,87,39,45,69,12,50,7,61,73
77,5,92,25,26,30,96,78,11,53,66,52,16,47,51,100,80,12,88,74,86,2,21,14,60,50
97,89,9,30,91,46,88,66,64,84,49,62,17,8,48,56,67,33,47,7,61,72
19,47,6,8,40,74,13,84,62,25,52,78,59,34,81,29,55,14,2,31,51,46,66,27,65,95,86,9,54,1,32,18,93,44,50,97,91,85,99,88,21,90,68,63,7,36,4,15,64,76,24,98,72,30,22,70,100,53,17,56,20,79,10,26,60,96,92,48,5,38,94,12,82,45,43,77,49,42,23,80,39,73,75,58,3,71,57,89,83
15,91,82,23,60,63,73,50,72,81,37,77,6,71,86,89,12,1
24,4,46,22,75,42,67
35,79,44,72,1,33,80,55,40,47,5,17,94,59,15,98,66,4,64,27,2,43,49,54,53,19,34,95,13,70,69,85,46,12,91,90,6,78,74,8,14,99,50,3,71,21,37,77,28,67,41,38,82,87,39,96,45,22,83,73,9,48,68,24,92,25,61,7
80,19,49,44,56,52,12,93,30,45,34,17,46,100,66,63,9,92,40,51,54,18,73,75,98,15,83,25,74,70,10,14,55,28,41,57,13,24,71,90,2,78,95,4,22,65,59,31,87,26,85,39,76,48,62,89,29,99,88,21,5,96,32,23,97,27,68,64,94,67,47,72,35,77,16,8,1,50,81,69,6,91,11,7,3,61,84,82,38,43
35,15,54,41,62,23,79,31,52,1,60,32,39,16,42,6,57,95,77,96,100,63,14,17,36,19,34,65
3,98,97,53,55
51,53,41,73,86,77,94,15,68,99,43,64,4,12,22,35,30,70,60,16,36,50,47,84,23,17,29,100,33,37,19,81,71,56,45,95,21,88,28,55,9,32,92,6,93,8,34,5,62,25,89,67,80,54,42,2,91,76,83,39,38,11,40
54,28,24,36,88,5,18,8,99,58,94,39,38,21,7,75,72,49,31,1,46,40,16,2,34,10,87,68,64,12,50,44,29,62
27,35,13,52,34,12,31,67,36,38,40,96
94,57,64,31,56,47,3,11,96,89,13,37,12,29,66,97,41,92,98,18,91,99,46,14,90,16,79,88,43,81,62,4,68,40,73,33,1,74,27,22,58,84,63,25,55,83,19,30,95,6,78,10,42,2,53,5,44,9,7,45,17,23,34,49,71,69,52,77,32,80,50
16,34,15,30,13,69,51,29,53,48,89,52,95,38,14,42,3,96,57
47,75,56,81,63,74,9,13,27,82,3,1,17,21,98,85,49,65,83,19,32,2,42,15,46,50,23,97,26,16,12,36,62,40,10,25,69,29,4,72,44,89,52,92,88,20,60,90,87,8,78,66,59,57,64,43,48,55,54,80,93,31,35,94,45,22,24,58,77,91,28,67,70,34,5,73,99,53,68,71,100,41,95,18,11,96,51,38,30,61,39,84
96,24,83,11,36,3,32,89,72,81,90,1,17,8,19,35,63,97,47,61,56,14,60,57,13,82,85,74,51,34,40,46,64,78
88,39,43,79,9,86,62,42,26,87,40,94,23,32,12,28,75,61,20,77,78,8,65,56,36,25,34,31,74,59,93,53,91,54,18,4,37,13,46,21,69,1,67
52,91,9,100,12,68,51,14,49,94,30,19,70,47,97,76,7,60,44,65,79,2,43,73,15,92,21,22,4,98,62,11,50,17,80,41,93,55,81,27,61,33,85,75,72,57,13,88,63,67,66,42,69,58,84,3,99,71,29,96,5,45,86,20,83,38,1,8,16,40,35,53,26,36,31,18,46,25,59,95,23,34,89,90
30,40,29,1,52,17,62,59,71,76,83,41,70,94,67,87,68,100,46,31,2,18,47,90,39,64,97,50,69,6,38,86,93,32,35,81,28,45,91,60,24,54,27,25,7,23,10,4,44,80,5,22,19,37,79,14,77,26,15,63,49,66,12,48,78,74,51,85,96,42
37,76,48,71,25,73,69,6,54,1,13,44,87,94,30,38,22,98,33,12,55,10,65,35,66,93,52,42,78,51,59,16,85,45,2,27,99,56,53,41,96,83,61,75,97,84,89,57,32
51,37,68,39,13,58,3
90,85,83,3,61,78,15,63,49,1,37,45,80,79,32,20,82,56,6,51,42,100,74,46,41,71,92,55,38,39,25,50,34,9,93,95,47,29,99,43,98,60,72,23,67,30,40,73,89,57,36,16,88,12,66
5,69,30,57,51,28,99,94,73,85,56,11,47,23,49,71,25,39,82,31,88,52,37,4,35,74,75,16,34,96,54,24,2,48,72,50,83,27,80,61,10,86,3,21,38,66,76,8,22,9,17
10,26,51,31,53,58,39,21,69,12,89,49,68,22,62,77,46,5,86,85,41,28,24,6,50,11,82,17,61,65,13,59,38,75,20,52,88,7,16,1,9,23,3,80,32,4,19,66,93,90
65,54,84,29,93,94,61,37,38,32,92,67,15,89,12,98,86,99,20,14,9,77,22,72,88,95,73,78,68,53,28,52,5,48,75,42,56,43,26,4,91,16,79,66,49,58,97,25,8,44,76,96,17,39,34,81,36,46,83,7,64,40,70,51,100,63,50,80,13,55
66,99,34,70,22,3,85,15,56,91,8,45,2,57,14,4,69,40,16,31,72,12,37,89,13,55,41,78,23,29,20,60,42,63,82,76,95,11,47,65,90,50,44,1,71,74,35,24,52,28,79,80,19,26,92,46,49,75,67
1,4,92,8,67,28,36,64,2,34,5,85,3,91,93,62,60,37,69,99,81,61,22,46,84,57,49,77,75,90,19,7,63,59,74,96,15,17,53,18,27,20,94,38,33,56,40,98,21,89,100,52,42,83,95,80,54,70,47,14,73,71,29
17,6,73,98,65,83,81,5,22,13,51,35,33,76,25,10,43,54,48,50,77,94,78,39,37,47,11,88,38,71,67,23,29,74,64,59,40,9,20,16,30,100,70,27,45,4,34,12,68,49,24,80,53,7,93,89,85,82,46,41,84,69,95,91,62,19,97,55,36,79,61,1,57,31,99,90,32,75,44,2,87,26,58,52,86
70,81,73,86,17
75,56,44,50,96,81,90,87,23,67,70,52,29,63,86,100,84,12,60,58,65,97,76,72,59,74,4,93,68,32,11,80,26,42,94,91,48,73,53,30,85,55,54,21,38,17,61,49,27,3,10,83,39,14,78,45,6,41,99,9,77,46,13,2,88,19,7
4,73,80,30,52,46,35,91,23,87,24,20,84,77,78,96,2,60,11,19,66,57,54,42,79,32,33,94,50,97,62,39,21,69,14,65,98,16,12,63,45,5,22,3,71,53,18,36,43,7,100,99,34,82,37,58,81,28,55,17,9,29,13,26,47,38,89,76,90,59,44,61,92,72
54,37,11,18,2,53,80,83
66,39,91,41,86,5,24,94,70,95,72,44,28,56,34,15,11,75,4,59,52,2,25,88,85,100,90,71,14,35,10,31,26,76,96,80,16,19,51,55,50,62,82,29,83,97,77,61,67,92,68,81,36,49,99,20,7,8,27,38,12,69,18,43
7,100,69,30,1,72,26,50,48,18,36,35,12,32,51,61,4,28,8,11,55,23,43,44,71,10,59,93,5,85,2,13,38,94,53,20,62,90,22,3,75,54,58,47,15,78,25,80,27,96,9,91,31,52,67,21,66,87,73,68,84,49,76,83,34,14,63,57,17,37,39,86
68,54,32,94,46,64,79,39,95,98,91,3,13,53,77,1,10,14,63,30,97,36,6,89
3,64,86,99,47,59,18,79,49,58,78,54,6,68,67,42,24,12,9,56,19,92,65,91,2,57,34,13,100,76,8,63,20,27,84,75,46,41,60,82,55,90,97,15,83,21,40,51,23,14,61,32,93,94,73,43,71,77,95,45,50,5,87,11,53,62,30,31,38,70,10,22,81,17,89,72,29,4,35,74,69,1,52,37,48
38,85,65,6,88,89,46,73,62,24,5,58,92,97,4,18,21,31,7,80,71,14,33,34,99,52,12,57
85,48,94,29,95,79,81,91,53,56,49,39,7,52,58,55,66,17,37,83,69,42,1,19,11,27,70,23,34,21,51,36,72,71,73,78,33,84,93,87,24,35,90
61,46,10,89,39,22,18,92,81,67,41,14,49,87,2,26,83,59,27,62,65,31,88,24,52,74,21,29,47,94,57,1,56,70
85,55,51,26,29,32,20,16,7,64,43,76,8,59,15,41,36,40,88,82,30,22,63,99,53,67,17,37,45,35,10,56,57,81,66,46,19,61,13,79,78,25,39,4,18,95,12,42,93,77,62,83,44,69,100,33,65,75,24,3,50,80,38,91,27,86,34,73,71,9,14,5,68,60,72,89,21,28,92,58,54,47,1,94,96,11,52,74
30,75,49,1,34,53,8,19,91,100,42,50,71,44,4,81,93,60,28,74,18,27,47,41,48,37,89,12,78,96,25,26,17,84,58,63,43,9,16,13,46,68,77,73,7,51
71,41,88,70,37,82,2,18,11,68,31,17,7,36,14,33,6,16,28,81,24,30,39,15,90,67,78,91,57,100,43,98,50,12,8,59,25,40,35,5,3,69,23,80
95,37,27,88,39,65,56,64,69,50,9,30,45,35,66,48,8,1,70,12,33,22,86,17,40,83,20,63,61,55,31,85,74,14,100,67,25,23,96,98,47,6,78,92,94,87,36,3,68,81,53,49,89,84,82
32,89,2,4,96,1,19,35,38,88,77,9,99,95,90,20,73,56,28,85,63,75,70,97,72,71,66,47,45,57,23,86,36,64,30,67,59,39,15,27,54,31,13,29
89,97,96,78,48,49,26,31,68,98,90,29,43,17,38,25,61,66,75,35,37,32,18,69,54,56,27,83,84,4,7,65,99,92,28,46,8,9,3,33,50,94,55,74,39,93,72,11,16,62,5,95,58,52,87
14,77,71,17,58,6,31,42,73,55,75,94,74,44,100,46,83,56,19,18,47,87,99,69,63,92,85,82,68,20,49,30,7,36,93,4,38,35,86,76,48,96,1,12,21,40,51,62,90,80,37,25,2,88,72,34,59,60,11,5,23,43,26,95,22,89,32
57,94,37,7,74,97,92,49,30,93,39,89,20,72,29,25,63,87,35,99,88,38,82,48,31,86,4,12,16,52,64,26,54,100,36,21,98,47,71,81,91,41,43,61,45,67,59,14,78,69,23,17,80,27,5,68,51,6,79,77,11,76,66,8,60,90,53,73,70,83,46,85,2,18,22,28
14,77,10,30,67,27,19,62,24,53,86,94,65,99,84,25,81,4,80,70,17,37,76,13,15,32,90,21,44,29,23,82,11,50,74,49,43,88,31,93,45,83,16,92,78,48,59,66,5,85,54,26,96,91,28,7,60,52,22,79,9,20,8,69,61,75,39,57,2,42,55,34,38,36,51,95,87,68,98,41,46,33,89,56,40,35,58,72,47,1,73
54,86,71,42,36,65,45,26,99,52,60,67,28,3,30,92,78,55,88,100,49,91,84,24,75,35,43,7,14,94,97,80,62,58,93,56,59,81,20,85,17,87,9,95,50,82,6,16,72,40,41,70,89,5,23,47,34,46,48,53,68,83,37,39,25,4,69,1,79,12,32,44,96,19,98,29,8
4,65,5,20,36,74,54,59,53,15,19,88,100,57,45,76,7,33,43,96,35,9,73,17,30,38,62,46,47,21,22,49,87,91,79,32,10,1,66,77,99,6,3,44,83,67,8,23,68,90,26,16,78,86,18,34,95,48,41,39,50,72,55,82,2,85,56,58,29,24,71,70,37,40,27,14,51,92,13,28,97,81,84,61,64
86,73,8,87,51,92,7,77,68,84,28,21,85,67,42,24,22,25,36,63,31,4,95,26,88,30,83,94,81,14,65,93,80,64,6,90,89,48,99,82,17,41,54,60,70,46,16,56,49,10,69,62,9,76,33,98,55,91,96,20,3
27,96,74,59,32,28,97,45,1,2,60,38,72,12,88,49,20,100,76,31,99,50,8,87,86,67,78,26,21,5,90,95,54,53,11,17,30,63,9
5,73,19,49,84,15,51,95,10,81,94,80,41,76,3,69,33,99,38,63
20,51,50,52,4,5,8,84,33,29,42,96,98,65,17,31,69,72,14,25,41,94
93,41,54,51,99,88,12,64,11,39,75,48,68,36,67,13,69,17,4,18,22,10,33,35,42,23,27,31,3,91,78,7,45,21,20,60,85,44,84,19,66,97,92,61,38,34,32,65,77,16,47,9,24,87,28,15,57,29,53,8,50,94,52,30,76,58,95,82,83,98
8,62,14,49,16,83,60,29,4,37,100,17,89,73,97,81,23,42,84,3,71,69,64,96
53,78,12,48,90,51,10,94,28,62,37,46,42,34,24,71,67,8,54,20,31,66,73,96,27,6,80,43,85,14,98,18,13,49,57,61,69,44,89,93,70,7,88,86,97,74,40,84,17,92,35,75,60,5,56,33,38,15,64,26,21,68,29,95,23,41,82,9,11,55,45,19,87,58,30,25,81,36,72,59,91,2,100,65,32,1,4,77,47,3,50,99,76,22
81,14,91,51,76,37,16,72,62,57,2,59,34,31,82,12,68,95,42,50,65,33
82,22,70,35,94,92,52,53,36,17,72,23,41,77,46,37,10,66
14,17,75,41,13,11,29,65,72,66,70,86,98,2,56,12,22,93,62,25,89,100,49,53,39
84,44,12,94,24,10,23,91
43,84,99,9,66,83,70,16,30,54,61,47,52,38,64,8,13,59,82,95,11,78,67,29,50,73,62,34,1,77,24,41,69,36,55,45,3,46,94,87,72,26,27,19,58,12,7,91,79,60,74,18,80,96,92,23,86,44,4,90,14,39,10,98,89,2,51,28,76,88,49,75,32,65,6,85,68,48,5,57,71
52,12,93,44,9,53,31,46,94,55,92,88,8,74,87,90,80,61,85,1,73,40,68,63,99,60,86,77,75,84,43,39,89,33,28,15,56,42,10,98,14,65,62,37,97,41,49,32,96,83,17,30,2,45,100,22,6,71,95,51,11,4,70,82,67,54,66,16,48,79,7,26,19,3,13,76,34,18,57,27,58,24,38,25,21,50,35,47,5,81,36,91,69,78
73,16,75,66,41,76,5,19,65,63,55
57,62,86,20,17,11,69,80,90,47,29,97,64,19,46,45,27,38,10,15,25,91,93,22,49,60,79,21,9,26,1,33,58
77,2,18,6,89,49,17,48,71,22,41,4,28,94,26,83,96,40,84,78,20,60,53,13,85,14,33,80,58,93
90,96,57,63,66,81,67,99,28,40,68,73,23,93,10,34,5,94,19,48,20,98,69,72,16,85,38,58,84,17,32,50,60,52,46,44,74,12,59,86,2,24,82,18,100,14,64,54,35,77,1,33,71,30,6,56,92,91,79,43,37,3,4,45,75,27,83,15,11,29,78,97
44,48,11,10,50,49,53,72,25,40,95,75,97,82,96,77,76,30,26,4,2,65,38,12,91,33,47,71,37,70,16,66,57,93,41,45,3,9,54,68,23,64,79,39,86,21,73,22,100,84,14,99,24
60,64,66,57,19,28,58,90,16,98,17,8,21,9,32,1
71,98,2,19,94,36,55,48,91,13,34,76
96,29,14,25,36,53,41,30,60,86,46,40,72,55,50,43,6,92,90,5,11,3,21,33,100,45,68,82,24,17,39,70,49,1,91,35,78
32,72,68,91,62,74,50,5,55,66,54,88,28,21,1,79,24,80,94,61,46,31,78,59,43,71,9,99,77,85,100,60,90,45,75,6,23,83,17,12,19,96,65,49,86,47,87,8,13,35,2,33,58,52,44,39,81,22,57,84,53,30,41,67
26,38,19,97,56,65,8,27,9,21,86,49,81,60,17,23,62
24,6,27,46,21,47,50,56,96,95,59,78,1,98,65,64,90,8,2,97,77,35,45,75,81,51,55,61,67,13,82,57,36,25,10,30,23,70,80,11,79,92,43,87,100,34,42,86,72,89,85,58,73,7,17,74,38,4
48,44,26,100,81,77,76,39,74,80,9,83,21,22,58,84,93,36,5,33,8,69,91,98,10
38,59,45,8,35,36,46,7,33,66,22,9,32,57,68,77,84,74,26,67,76,70,40,80,34,62,83,5,96,6,56,52,73,49,16,87,92,98,23,14,58,50,29,27,89,79,30,4,71,31,47,39,81,15,94,60,3,17,78,85,42,37,53,86,43,20,72
24,55,88,76,50,67,97,52,73,14,94,36,69,25,32,58,74,56,100,66,8,34,78,13,65,85,4,70,33,91,3,19,42,15,6,17,26,43,21,75,83,9,37,46,93,49,79,30,27,41,22,38,54,82,89,47,80,16,59,81,53,99,10,84,45,29,31,48,92
13,57,37,89,62,79,31,49,73,50,26,99,8,3,76,55,91,21,52,80,56,48,46,71,96,98,78,69,70,33,25,63,1,75,42,35,10,85,5,95,58,81,74,24,15,22,36,66,64,12,68,17,19,54,94,2,97
69,79,16,18,76,35,40,19,41,42,71,77,15,52,73,39,46,53,2,29,4,95,34,28,54,14,78,81,44,7,88,99,3,32,62,12,59,31,26,61,87,37,74,60,1,89,90,49,83,85
90,98
64,6,93,85,98,28,7,38,95,12,25,79,39,20,96,73,81,59,5,88,77,60,45,94,76,87,71,86,84,82,80,24,100,99,75,40,14,65,56,36,26,72,97,66,91,3,70,8,42,53,50,15,89,44,78,1,16,62,55,90,67,41,47,61,83,32,51,46,29,27,19,11,52,13,57,34,37,9,18,22,92,63,30,48,21,2,17
31,85,46,51,58,15,74,71,23,56,29,44,63,18,21,20,65,43,93,50,41,28,60,47,12,69,36,4,73,7,84,100,10,89,37,70,5,72,96,25,92,75,48,13,68,19,39,64,26,77,90,38,61,82,86,91,55,95,97,62,59,40,16,33,54
48,79,71,89,6,58,24,73,96,17,39,4,76,75,32,28,40,82,57,66,26,83,44,47,15,77,85,8,33,95,7
2,71,64,49,20,86,99,61,88,82,48,74,94,56,19,45,59,53,81,41,9,72,22,92,24,60,87,14,50,98,27,30,69,95,67,65,83,5,75,13,90,73,28,36,15,91,46,39,37,33,54,66,100,47,52,77,17,89,44,42,11,96,51,62,32,23,43,29,25,58,85,93,63,4,18,35,78,7,6,76,12,31,38,3,70,97,84,68,26,34,21,8,57,55,79
49,89,51,63,32,74,56,29,20,8,27,22,65,75,53,30,70,36,61,77,91,52,55,4,38,84,73,95,13,28,3,39,9,60,16,82,12
67,84,57,75,76,2,69,16,15,65,25,4,99,24,100,82,77,5,1,11,8,68,7,34,87,58,47,64,23,89,70,32,46,85,94,45,22,37,31,12,56,27,59,42,3,73,71,96,54,63
96,3,18,28,52,66,41,40,16,39,8,34,59,90,14,6,1,54,70,2,93,47,48,60,9,26,42,91,84,37,31,65,50,85,55,71,46,53,29,95,51,88,49,22,94,100,33,67,38,62,45,35,23,32,68,57,72,25,76,36,63,86,87,20,64,5,17,99,61,81,79,73,24,77,4,58,74,7,92,21,43,19,89,98,44,15,97,82,75
99,91,66,42,71,16,14,11,50,64,27,63,33,1,89,54,38,12,20,61,65,4,76,60,34,19,53,79,74,30,95,49,44,41,78,90,25,23,62,6,29,15,75,9,26,52,88,72,22,18,3,85,10,100,32,17,83,96,69,67,68,93,94,97,28,7,70,2,36,56,92
15,16,68,79,18,40,55,72,84,98,23,41,13,63,100,88,75,3,19,12,74,27,45,51,17,93,25,77,8,58,56,78,50,87,67,53,14,35,97,30,10,22,64,81,43,65,48,20,76,62,6,26,80,24,52,71,29,91,94,95
67
36,90,38,77,41,2,42,37,24,62,33,11,19,14,86,20,4,71,64,9,8,34,97,25,13,5,53,66,84,16,15,46,100,18,54,57,22,6,60,78,72,89,1,7,55,82,29,35,12,94,40,44,76,10,28,95,65,85,80,83,93,49,92,69,48,99,59,75,31,67,56,21,23
13,47,70,49,72,71,97,85,100,23,66,53,41,87,84,8,93,89,48,36,79,39,38,10,32,17,95,42,77,2,14,46,24,78,29,99,16,26,22,30,63,98,67,57,37,7,90,80,68,75,60,45,83,94,64,73,18,92,44,31,86,96,25,81,69,43,56,33,1,54,76,91,88,27,34,3,55,82,52,15,11,61,9,51,5,58,35,65
93,56,32,67,64,39,24,49,87
96,21,14,89,16,81,91,43,13,15,34,26,80,1,55,99,84,82,64,78,97,76,68,5,75,59,50,27,92,62,47,17,70,39,74,60,8,31,83,6,7,24,52,42,72,48,2,12,29,9,87,95,33,19,85,71,86,65,54,53,45,69,20,18,37,23
64,62,57,90,98,32,49,60,17,80,27,47,58,25,46,69,42,97,84,56,38,55,100,36,61,44,15,37,14,92,72,13,9,8,6,67,96,88,28,35,52,48,93,5,26,81,78,16,18,71,59,86,22
34,14,13,25,60,31,20,22,36,75,41,74,73,9,91,33,23,24,80,93,16,69,87,59,71,78,66,86,83,1,82,12
1,72,28,89,41,73,3,12,13,55,19,47,64,82,76,69,36,91,46,17,83,32,53,78,26,71,52,87,65,33,74,34,40,49,100,2,84,93,60,45,27,99,66,16,96,51,54,20,79,10,7,30,77,95,50,37,88,67,43,75,8,5,39,21,94,35,70,29,18,44,63,9,25,15,57,14,62,59,23,90,81,42,6,56,92,98,61,4,80,24,31,11,38,68,97,22,48,85,86,58
42,80,62,83,27,11,15,61,33,75,47,79,29,16,6,67,51,26,17,85,7,13,70,12,39,4,2,63,20,72,90,64,73,10,95,97,24,9,91,69,88,50,60,65,38,84,35,71,55,14,25,37,41,43,28,58,49,34,36,92,78,52,59,100,44,99,18,31,32,87,94,21,3,45,81,19,48,5,77,93,86,66,53,22,40,1,89,54,57,8,68,30,46,82,96,56,76,23,98
19,24,44,5,11,34,46,83,78,53,21,15,49,10,72,56,65,64,54,73,14,81,75,60,18,2,26,35,97,29,12,79,88,92,20,52,66,85,16,87,3,47,74,77,36,93,40,23,1,57,69,33,31,28,98,13,95,37,91,25,63,8,100,30,9,90,48,43,62,68,76,59,42,6,86,41,89,4,71,39,67,32,38,22,99,55,7,70,80,51,61,50
63,65,25,53,52,90,55,95,58,3,76,92,100,15,70,89,18,45,87,54,96,42,5,79,41,30,21,39,28,62,98,75,1,13,33,37,83,57,93,82,61,31,59,51,4,72,6,67,10,84,29,9,88,40,73,99,50,2,78,7,94,77,64
52,41,34,1,43,15,71,51
54,66,87,67,68,47,44,15,100,63,8,52,94,99,16,12,84,23,77,81,93,75,91,79,22,58,39,90,64,18,26,3,60,65,35,86,80,19,69,29,82,5,92,48,46,10,88,40,70,57,72,7,45,51,21,98,17,49,24,4,89,27,6,9,85,36,41,61
42,53,98,59,1,15,10,39,40,33,56,57,65,77,35,87,41,75,76,24,37,46,83,85,88,96,82,78,68,70,30,9,71
71,4,27,6,54,80,38,46,8,64
67,78,13,97,68,5,22,53,26,92,85,21,71,94,11,7,96,4,44,72,66,37,38,29,90,65,32,24,40,48,2,9,79,31,36,10,27,83,80,12,54,46,8,47,35,33,14,86,52,45,93,16,63,70,50,57,39,1,42,18,23,3,91,81,6,25,73,55,76
32,56,8,19,16,77,75,18,35,38,50,93,43,95,62,82,65,13,11,52,1,92,45,98,31,100,90,96,59,25,58,97,5,55,48,83,99,54,4,26,86,87,51,36
88,29,41,10,51,7,50,94,38,36,22,65,73,42,93,3,31,27,90,84,62,74,4,75,81,14,66,32,44,2,86,56,1,79,91,18,60,33,23,11,82,72,48,96,64,76,40,85,99,5,67,61,45,58,83,47,24,97,52,6,37,25,68,19,80,87,59,21,57
88,89,80,70,45,95,93,6,11,92,2,83,29,27,3,54,85,10,79,24,96,15,86,57,46,67,14,59,5,74,73,78,52,64,62,31,58,39,7,34,35,30,71,87,100,60,66,77,21,99,56,8,20,25,65,98,51,61,28,12,69,42
21,64,33,72,47,27,10,37,13,42,56,39,51,99,7,34,82,41,77,6,92,17,2,15,14,24,85,71,84,81,65,35,9,60,36,4,59,73,53,44,68,78,100,57,23,66,86,50,70,58,54,8,20,88,90,97,76,16,69,98,94,25,80,48,63,45,96,89,30,83,67,19,91,18,55,49,38,46,28,61,95,79,93,43,52,26,11,22
38,4,25,11,12,66,77,91,50,75,46,83,56,27,10,22,65,17,68,48,19,99,9,58,44,63,89,84,45,13,29,93,54,78,72,24,39,37,88,40,61,87,55,35,47,14,81,21,52,60,51,26,85,34,90,5,80,31,8,57,1,53,67,23,76,43,97,92,98,49,96,15,74,28,20
44,14,11,16,93,79,49,7,31,66,53,32,36,57,34,63,45,8,88,95,43,56,72,40,3,90,38,26,83,35,22,78,24,1,84,76,5
32,46,8,3,33,40,73,88,38,18,2,53,71,83,80,30,64,77,74,12,37,16,45,91,75,34,90,87,35,27,11,96,85,24,78,98,48,62,84,5,100,22,1,15,21,54,51,20,61,60,25,68,14,59,50,17,43,76,79,82,66,92,99
32,11,14,44,87,86,51,12,29,80,82,23,37,28,56,70,95,67,85,2,89,1,68,8,62,100,69,39,79,43,40,63,96,33,10,58,97,53,6,83,50,41,66,74,54,34,64,47,81,65,24
86,21,95,15,25,46,90,61,92,43,42,36,64,26,41,97,84,80,4,88,55,60,71,24,56,8,82,63,18,20,39,83,51,23,9,72,35,32,73,99,27,2,49,70,45,12,74,57,31,100,79,77,53,33,11,66,54,89,87,59,28,13,47,38,40,85,48,14,65,91,93,7,52,78,75,34,68,16,3,76,67,6,96,30,22
14,17,23,41,33,74,83,27,22,75,55,73,92,100,25,38,8,39,61,28,76,64,70,98,40,85,59,35,18,15,26,80,78,46,42,87,20,95,53,62,66,6,29,49,37,81,90,1,5,88,36,94,51,77,30,13,2,89,7,72,96,11,52,24,47,4,84,31,43,45,86,21,16,34,91
16,48,30,32,96,37,21,7,19,39,84,29,43,25,88,74,26,2,95,100,86,80,23,46,70,69,15,64,38,53,5
74,14,35,79,11,83,88,17,64,10,86,28,57,1,25,65,78,29,93,8,44,22,16,59,42,24,60,20,36,12,63,95,77,70,48,51,39,62,89,61,32,46,87,40,71,13,34,33,30,49,92,54,97,52,56,90,19,68,80,4,85,9,2,41,91,50,58,99,75,31,6,43,73,53,47,15,27,21,23,94,82,96,69,76,100,37,72,98,38,84,5,7,55
38,44,61,63,53,21,26,41,15,18,3,66,64,59,75,4,48,20,78,80,91,58,9,46,17,79,36,90,14,45,30,47,32,65,70,27,76,24,37,89,6
77,95,54,36,24,19,39,13,8,53,90,100,55,63,75,72,73,18,45,32,85,34,20,52,30,71,31,59,27,61,1,60,70,7,47,17,69,14,12,38,5,92,40,81,33,41,86,64,2,51,79,96,21,80,87,89,56,25,98,16,29,58,88,48,44,66,91,9,65,94,23,4,67,50,28,97,37,82,74,83,26,6
4,46,19,16,87,17,88,51,54,30,77,89,44,73,49,97,58,70,55,72,66,39,93,29,82,64,50,57,91,65,28,56,99,52,90,26,9,71
90,39,33,46,87,31,70,97,82,75,44,22,100,14,96,42,65,20,38,50,63,62,93,85,49,64,25,88,43,13,83,6,61,35,17,47,48,26,91,36,37,28,94,8,72,67,68,98,2
2,55,80,86,61,19,95,34,77,15,9,26,37,58,87,54,67,97,66,17,88,51,57,83,45,43,20,4,8,81
71,47,30,98,23,90,76,96,6,80,72,19,2,37,55,12,86,36
46,18,83,96,27,66