-1
-1,-1
1,1,1
1,2,4
1,2,5
0
0
1
2
3
1,2,3
1,2,3,4,5
5,4,3,2,1
1,2,3,5,6,7
5,3,8,2,-1,1,4,9
5,1,8,2,-1,11,14,9
1,2,3,4
2,4,6,8
3,6,9,12
4,8,12,16
7,0,14,2,12,1,11,-6,4,6,13,10,-4,3,669,16,15,-2,-1,8,18,-3,9,17,5,-7,-8,-5,19
-2,0,4,-3,1,3,-1,-4
-2,368,0,-1
6,2,5,-1,8,0,-6,3,-2,-5,7,3,-4,4,1,-3
13,0,2,4,809,14,10,8,6,5,15,12,-1,11,1,3,9,7
8,0,-3,-4,4,2,7,3,9,-6,6,11,1,5,-2,-7,10,-319,-1,-5
-1,3,4,-3,9,0,11,-2,-94,-5,-6,-4,1,7,2,5,6,-7,10,8
-1,13,0,-6,12,3,18,-2,14,15,16,19,1,11,8,4,10,-4,-3,6,7,17,9,2,-5,999,5
6,5,-2,1,2,4,0,7,8,9,3,1,10,-1,11
-1,12,7,-3,1,17,13,6,18,10,11,8,0,-2,16,9,14,5,4,8,2,15,3
3,-1,-2,0,-3
12,9,8,-3,5,13,4,3,6,15,-2,7,17,-1,2,0,16,-4,14,10,1
-1,3,2,-4,-5,1,-6,-2,0,8,-3
4,11,-2,3,-1,8,5,12,9,6,1,10,2,7
-5,-6,0,-2,-1,-4,-7,-3,1,2,3
-2,4,-1,5,2,0,801,3,1
4,1,10,-3,15,-1,9,18,-4,5,0,19,-5,-8,14,2,11,-6,8,-2,7,17,6,16,3,13,-7
15,-6,-2,8,12,7,2,-3,14,0,9,10,17,-1,11,-8,-7,3,-4,18,6,5,-5,1,13,4
13,11,4,3,0,8,-274,2,14,12,5,15,9,16,6,1,10,7
4,7,1,-3,0,-4,-2,3,6,11,-1,12,5,10,8,9
1,4,2,3,0,4
11,14,12,0,10,3,13,8,6,10,5,15,16,9,7,4,2,1
-2,4,-4,-1,14,13,5,19,0,15,3,6,9,17,10,16,1,11,12,7,-5,18,2,860,-3,8
4,-2,6,8,10,2,1,7,-1,11,3,9,0
2,-2,67,3,-5,1,-1,0,-3,-4
2,5,3,4,0
10,7,6,4,5,0,-5,-2,8,-4,2,1,-3,9,3,11,12,-1,114
3,1,-2,9,5,6,-1,2,0,8,4
-7,-590,-2,-6,0,-1,-8,3,-4,4,-5,-3,1,2
-854,-2,-3,-1,0
1,0,-2,3,-1,-205,2,-3,4,-4
2,10,9,0,-1,12,-3,17,4,8,7,16,13,5,6,1,11,15,-2,14
0,785
1,-1,4,2,0
9,6,1,0,15,11,13,10,19,12,18,17,5,-89,4,8,3,7,14,16,2
2,8,7,3,-117,-1,5,6,4,1,0
8,3,1,2,10,-1,11,9,5,6,13,7,0,12,4,9
9,16,15,1,-1,8,11,7,2,4,14,6,5,13,10,3,12
0,9,1,8,-1,6,-4,11,3,-5,2,4,10,-3,-6,-2,-9,12,13,-7,-8,5
-9,-2,-4,-1,3,8,1,9,-3,-8,-128,11,-5,0,5,6,10,-6,7,2,-7,12,4
-2,-1,3,1,2,-139,0,4
9,14,1,-2,3,4,10,13,0,6,8,11,7,-654,2,-1,5,12
-1,3,3,8,13,10,11,5,0,2,1,6,12,9,7,4
16,5,7,3,9,13,11,4,-1,15,10,2,-2,0,6,1,-3,17,0,14,8,12
1,6,9,12,0,2,10,13,11,4,14,3,8,5,7,-804
9,15,13,16,3,-4,8,7,0,5,2,17,4,1,-1,597,10,-2,14,6,-3,11,12,-5
-1,-238,1,0
7,-2,5,10,14,8,12,4,784,13,0,1,9,11,3,6,-1,2,-3
8,0
1,-1,0,-2
8,18,-1,1,-2,11,3,0,-3,4,16,19,15,17,13,14,6,12,10,9,163,2,7,5
4,9,10,8,7,969,5,1,0,-1,3,11,2,6
-222,0,1,2,3
9,1,6,8,-5,7,14,15,4,5,-3,-2,0,12,16,3,-6,17,-4,-981,11,13,18,2,-7,10,-1
8,-2,0,12,6,14,2,-1,9,3,1,10,5,13,2,7,4,11
-9,-1,-8,980,-5,-6,0,-4,-7,-2,-3
1,-1,-2,0,-5,2,7,3,-3,-4
2,9,-4,-8,-745,-7,-2,5,-6,-1,4,7,-3,1,0,8,3,-5,6
0,7,8,6,5,9,4,1,-408,2,3
13,7,10,8,17,2,15,9,11,4,5,1,18,-1,14,6,7,0,3,16,12
1,2,4,-1,-888,0,5,3
13,10,14,1,-9,8,-1,-5,11,-7,-6,3,9,6,-3,0,4,2,12,-8,-2,10,5,-4,7
-3,10,4,-2,12,6,13,14,9,2,1,-5,-4,8,-1,-6,3,5,-7,1,0,15,7,11
8,17,18,12,2,14,1,0,9,13,2,11,3,16,10,5,15,4,7,6,-1
-1,7,13,11,10,1,2,-4,4,8,14,-3,-5,9,15,0,-6,3,-2,6,16,5
-2,-1,-3,12,3,15,17,7,14,9,-644,8,2,5,0,1,6,-5,16,18,10,4,11,-4,13
-320,-6,-2,1,14,5,2,-1,6,10,8,4,13,12,11,0,-5,-9,-4,-8,-3,-7,7,3,9,15
1,-2,2,-3,-23,-1,-4,0
2,4,-6,-769,-4,-1,0,-3,-7,5,3,-2,1,-5
-2,-1,8,6,-6,-5,11,2,-7,4,10,9,0,-3,5,14,-4,1,3,7,6,12,13
1,5,-3,0,-2,3,-1,2
-4,8,5,-6,3,9,4,-8,-3,7,-2,-7,6,2,2,0,-5,-1,1
1,3,0,6,-1,-4,699,11,10,7,5,-2,-3,4,2,9,8
6,8,10,3,9,11,4,1,5,7,0,-2,-1,2
2,4,3,7,9,182,10,-2,-3,1,-1,8,-5,0,-6,5,-4,6
14,0,736,1,18,6,3,16,11,12,15,10,5,17,4,7,13,8,9,2
-4,12,-2,4,2,-5,-6,3,9,5,-3,-1,1,11,6,8,0,1,13,7,10
1,14,5,4,10,11,16,7,15,0,9,6,2,13,17,8,3
5,8,4,-1,-7,2,-4,7,6,0,1,-5,-2,-3,-6
-1,414,2,3,-4,-3,6,0,5,-5,1,4,-2
5,-6,-4,0,-3,6,7,-1,-2,1,2,4,-5
-6,0,-4,-8,2,-9,-7,3,7,9,-3,-1,5,-5,8,1,6,-2
-8,-1,-340,-2,-5,-7,-4,0,-6,-3
-7,-8,1,-3,-4,-2,-9,-6,-5,-1
8,2,-2,-623,-8,5,-6,7,-9,-5,4,-7,0,-3,3,-4,-1,1,6
1,-1,-3,9,10,5,6,7,3,-5,-4,5,-6,8,2,4,0,-2,-7,11
-2,0,6,-3,-1
0,2,8,6,3,5,-4,11,-5,-2,-1,-3,10,9,1,15,14,12,7,4
-2,-3,-1
1,4,0,3,0,2
2,4,15,6,-6,-3,13,10,3,11,18,-7,-1,0,9,8,-2,14,12,1,-4,16,7,5,2,19,17,-5
2,-552,0,1,-1
9,6,8,-4,-5,-1,7,-3,1,-2,3,0,5,10,4,2,1
-1,-3,0,-2
2,-459,6,4,0,10,11,5,3,7,1,9,12,8
4,3,1,7,8,2,6,0
12,8,-1,0,6,1,5,9,3,7,2,10,13,14,11,801,4
4,8,-412,6,-5,-4,11,9,5,10,12,3,1,13,-1,0,7,-3,2,-2
0,12,3,6,11,-1,17,5,5,-5,10,-2,-4,14,8,13,9,16,2,1,18,7,-3,15,4
-3,-2,-695,-1,0,-5,2,-4,1
0,4,10,13,8,18,16,12,6,14,19,2,5,7,11,3,-1,9,1,17
6,-7,-2,-208,-5,1,3,-3,5,0,2,-6,-4,4,-1
-428,13,17,5,15,11,9,16,1,3,12,14,6,2,0,18,10,7,8,4
9,13,7,1,4,0,10,12,6,5,104,14,11,8,15,2,3,16
-1,2,5,3,-6,-8,-2,-3,-5,0,1,-7,-4
-1,-5,-3,0,-8,-7,2,-6,-2,-4,3,4,1,-9,-733
2,1,3
5,3,-8,2,-7,-3,0,229,-2,6,-6,-4,1,4,-1,-5
0,-4,-8,-3,-6,4,-1,-2,1,-5,-7,2,3
2,1,-1,-744,4,-2,-3,3,0
-3,4,14,-4,-1,11,-2,2,-5,9,16,0,1,3,13,-6,8,10,907,7,15,6,5,12
7,5,-7,1,-8,2,-6,10,0,-1,-5,3,4,6,-2,11,-3,12,9,-4
3,5,10,4,6,12,9,1,8,7,11,2
2,4,3,-4,8,-6,6,1,7,-8,-3,5,-7,-9,-5,-1,-2
19,6,-7,-4,-6,1,13,1,-3,10,0,14,8,3,17,-2,9,-1,12,7,11,16,18,2,15,4,-5,5
-1,-869,-2,0
-1,2,9,0,1,-3,6,8,3,4,-2,5,7,-948,-4
14,12,2,4,8,-1,7,9,3,6,1,13,11,0,5
-1,-7,-2,-6,6,8,-8,4,2,-5,0,5,9,-4,-3,3,363,-9,7,1
-2,-1,-3,-770,-5,-4
8,15,5,2,1,3,10,14,0,5,-2,12,13,6,9,7,-1,-3,-4,11,4
5,-1,-4,3,4,1,7,0,834,2,6,-2,-3
17,9,14,8,6,16,-5,1,-4,-3,0,10,15,5,7,-2,13,-7,11,3,4,9,12,2,-6,-1
3,-6,4,-2,-8,-4,-7,6,0,5,-9,-5,7,2,-3,0,-1,1
0,-6,-3,-7,-2,-4,-5,572,-1
5,3,0,-5,-2,-4,4,-1,2,-3,5,6,1,8,7
6,-5,-1,1,5,12,3,0,2,-4,10,8,11,-2,4,9,-3,7,10
4,3,0,2,1,6
9,-3,6,4,7,-1,5,-195,2,-2,3,1,0,8
-1,0,0,-3,-2
5,-1,6,3,2,62,0,4,1
-8,-5,-3,-2,-6,-4,-7,1,-1
12,-5,9,3,8,4,5,11,0,7,6,-2,13,1,10,-4,-1,-3,14
3,6,1,2,-611,7,5,8,9,10,4,0,11
8,14,0,-1,12,15,7,11,-2,9,-3,6,2,3,5,10,1,8,13,4
-3,17,12,6,2,-5,3,15,16,10,9,-7,14,18,-4,1,4,0,5,-1,8,4,7,-6,11,13,-2
-2,-1,-7,-4,-5,-3,-6
1,8,4,3,19,53,15,0,6,12,18,17,2,7,10,16,9,11,5,13,14
9,-4,-1,-5,1,7,0,13,15,14,12,11,3,16,6,-6,-3,8,10,4,-2,5
-8,-1,-4,-7,-6,2,-3,-5,1,-2
1,-3,5,-5,5,9,0,3,7,4,-2,2,8,-1,-4,6
9,2,11,6,7,8,0,3,-1,5,4,1
-87
2,4,5,-1,6,1,316,3,0
-3,8,11,-4,12,10,-2,1,7,0,14,-1,4,13,5,6,9,2,3,-274
-4,0,-3,-2,-6,2,-5,-1,34,1
-506,0,5,3,2,1,6,4
2,7,3,-3,1,0,5,7,6,-2,-1,4,-4
1,2,829,3,0,-1,-2
-1,-4,5,1,3,4,6,2,0,7,-2,8,9,731,-3
-6,-4,7,-1,9,-3,-8,0,6,5,-2,5,-7,8,1,4,3,-5,2
-772,13,16,1,8,0,5,2,12,17,7,3,4,10,6,15,14,9,11
16,0,-1,19,12,17,1,2,8,4,-3,5,6,-5,7,11,18,9,13,10,-4,15,3,14,-2,560
2,4,1,7,3,-1,-2,0,6,-269,5
-3,0,2,-2,-4,-1,-5
9,10,-5,4,11,0,-8,-2,-9,15,12,5,6,-1,-3,2,-4,14,7,-6,-7,8,13,1
14,8,5,-2,-3,9,12,-6,0,11,-1,3,4,16,15,6,1,-7,10,7,-5,-4,13
-4,-6,-2,-1,-3,75,0,-5,-7
4,9,1,2,0,5,8,3,7
7,9,12,18,10,0,2,5,4,13,16,1,17,6,15,-876,11,3,14,8
7
6,3,4,9,0,7,5,-1,-3,1,8,-2
8,17,14,9,2,1,4,220,13,7,3,10,15,16,11,12,5,6,0
-7,0,-384,-2,-6,-3,2,-5,-1,1,-4
2,12,5,1,6,4,-4,9,7,3,-2,0,13,8,10,-1,-3
-1,-2,-4,-3
14,0,-7,4,11,2,10,3,-1,5,-2,-8,-6,9,13,7,-4,12,6,16,8,15,3,-3,-5,1
2,0,-3,-2,-5,-4,-1
8,-48,7,6,5,3,9,13,10,1,2,0,12,4,15,14,11
2,15,0,-7,-8,3,5,13,16,6,-6,7,1,210,-4,12,4,14,-1,11,-5,10,9,-9,-2,8,-3
7,10,14,3,11,5,141,1,2,12,4,6,13,0,8,9,15,16
0,-4,-3,-1,34,-5,-2
0,2,1,4,-608,3
9,4,6,5,3,2,0,8,7
1,6,2,0,5,4,3,5
10,3,2,5,-390,6,9,8,1,7,0,4
-2,-3,-4,-1,-251
7,3,2,10,-5,9,-2,0,-1,5,4,-3,8,6,1,-6,3,-4,-7
-1
1,-3,0,109,10,11,-1,7,3,2,9,5,8,12,14,6,13,4,-2
0,3,-1,1,-2,5,8,4,2
10,-7,-8,8,11,15,-1,13,6,1,9,12,-4,-5,14,2,3,-6,-2,4,0,7,-3
0,8,9,1,11,4,5,3,7,6,10,12,2,9,13
-6,-7,-4,-8,-1,-2,-3,-5,-9
4,10,-6,6,11,-2,-7,8,7,1,3,-5,0,9,-3,5,13,-1,-4,12
0,17,-582,6,11,-8,4,12,5,7,-6,10,15,-1,2,-7,-4,13,1,14,8,16,9,-2,-5,-3,3
0,1,-1,-759
5,0,-5,-7,4,7,-8,-1,-2,6,-4,-6,2,1,3,-3
11,9,12,14,4,2,8,13,10,1,5,0,3,7
-1,6,9,3,-3,-2,2,4,7,8,972,5,0,1,10
-668
-6,3,10,-4,6,11,-5,-1,241,5,0,8,4,9,1,2,7,-3,-2,-7
17,5,-5,0,2,16,15,11,10,-4,8,-3,3,14,13,-2,7,4,1,-1,9,12,6,8
10,6,2,12,9,13,8,3,7,5,6,0,4,1,11
1,1,16,13,-4,10,12,8,15,-3,3,7,0,14,-5,2,5,6,-1,11,4,-2,9
7,-6,1,-3,5,15,8,-5,9,13,4,-1,12,3,10,-2,11,6,14,2,-4
11,1,9,-3,7,2,-1,14,13,3,-2,10,1,4,8,5,0,12,6
2,5,6,-1,-5,7,-3,3,8,0,4,-4,-2,1,0,-6
13,7,1,3,8,9,0,-909,6,11,5,12,2,4,10
1,-1,0,2,3,7
-705,-1,-3,-2,0,-4,1
-5,-3,0,-4,-2,-1,9
-4,10,-5,5,-8,-1,9,12,-6,7,2,13,8,-878,-7,0,11,1,-2,3,-3,4,6
-1,2,1,0,7,-3,8,9,-4,6,-2,3,4,5,960
-2,-4,-1,-5,3,-9,-889,0,1,5,-3,2,-6,-7,-8,4
8,-1,0,10,1,9,-3,3,-4,-2,-5,5,7,-7,2,4,-6
11,2,0,8,7,1,14,4,12,6,9,3,13,5
8,0,3,9,11,1,6,2,5,10,7,8,4
-6,-7,-2,-4,-1,2,-5,-3
2,-2,-1,5,4,0,3
0,2,5,1,3
2,1,0,-3,-5,3,6,-8,-6,4,-7,-4,-9,7,-2,687,5,-1
5,4,-2,7,6,0,-1,3,1,-3
-3,-5,2,0,-1,-4,-2,3,-7,1,-6
5,14,3,4,11,13,10,2,8,9,1,7,12,0
-6,3,4,1,-4,-5,-1,0,5,1,-3,2,-2
8,0
-7,-2,-4,6,2,-3,0,1,-5,-1,-6,3,5
4,-1,3,-4,1,0,-2,1,-3,2
-1,4,-604,0,-4,5,2,3,6,1,-2,-3
5,1,2,-1,9,4,-3,6,3,0,-2,7
4,3,5,6,2,0,1,-176
11,-3,0,12,5,7,-4,4,6,2,-1,-2,-8,1,0,10,3,-7,-6,-5,8,9
-4,-3,0,-1,1,-2,4,2,3,-11,-5
3,5,7,-265,4,-1,2,1,0,6,-2
-2,11,4,12,13,14,2,1,5,10,7,0,-3,9,3,8,-792,-1,6
0,-2,-4,-1,-3
15,-220,13,4,-2,-8,0,12,10,-7,-5,-6,1,11,-4,-9,8,7,14,-3,3,-1,6,2,9,5
1,2,5,-1,4,8,-2,0,3,6,7
5,10,9,2,3,8,7,1,4,-2,0,130,-4,-3,12,6,11,-1
9,3,6,-1,14,12,-3,2,13,1,-6,7,10,15,-2,11,4,592,0,5,-4,-5,8
6,282,3,0,5,2,1,4
4,-3,5,-7,6,-4,1,8,-6,-2,311,-5,-8,3,0,-1,7,2
-3,-2,1,2,-516,0,-1
-1,-3,0,-4,-2,-6,8,-5
-4,-1,-2,-3
10,3,4,8,11,2,7,6,12,4,1,0,9,5
3,-1,1,4,0,2,-235
-902,1,0
17,2,10,11,5,9,4,0,7,-5,19,-1,14,18,1,15,-3,-2,6,12,-6,8,-4,16,3
16,13,4,5,12,3,6,17,8,14,-638,2,9,7,10,15,0,1,11
4,3,-4,1,4,10,8,-5,2,-1,16,18,11,-3,7,-2,14,19,12,13,15,-6,6,0,17,9,5
-3,-2,-1
5,11,0,16,7,6,1,10,4,15,8,3,13,9,-3,-1,2,-2,12,-4
0,-3,13,11,3,7,-8,5,8,15,-4,12,9,-6,4,1,10,-7,6,-1,14,-5,-2
12,10,6,14,-2,7,3,9,4,0,-3,1,-5,-4,2,11,2,13,-1,5,8
0,-1,-6,-5,-4,-9,-8,-2,-3,-7,10,1
6,-6,-3,5,0,3,13,7,-4,14,16,-1,4,17,1,-7,11,9,-8,8,-5,2,15,12,-9,-2
4,0,10,3,11,12,5,8,13,2,6,7,1,-2,-3,-1
-6,-5,-2,-861,-3,-4,-7,-1,-9,-8
-473,0,1,-3,-2,-4,-1
-1,-536,-2,4,8,2,1,7,-3,9,0,11,-7,-5,10,3,-4,5,-8,12,6,-6
-454
-1,392,1,0,4,5,2,-2,6,3
-2,4,-3,-9,-5,-4,-1,-7,0,-8,-6,1,3
-8,-1,3,-2,-6,-4,2,-7,-3,0,-5
1,0,4,5,678,2,-1,3
-1,3,-3,-4,12,9,-550,7,13,-2,10,4,5,11,1,2,0,6,8
4,11,10,2,1,5,8,6,0,3,7
0,3,-1,274,2,1
11,7,6,1,3,-2,4,10,13,8,12,-3,9,-1,2,0,3,5
-1,0,-8,-4,7,5,6,2,-2,-3,8,-7,1,-5,-6,3
0,2,-1,211,1,-5,-2,-4,-3
7,1,3,2,5,6,-3,-1,4,-2
5,-6,-9,4,3,-7,7,-8,8,-412,6,-3,0,-2,1,-1,2,-4,-5,9,10
1,-4,0,-8,-1,-5,-3,-7,446,-2,-6
-2,5,-1,0,1,8,2,3,9,4,-3,7,6
-4,10,-2,7,-6,3,2,9,4,5,-8,0,6,-5,1,7,-3,8,-1,-7
-8,-1,7,14,-3,-4,9,5,-560,3,-7,16,2,-2,4,10,12,17,-5,11,1,0,18,15,8,13,-6,6
579,3,-3,-4,1,-1,2,-5,0,-2
-2,4,7,2,-1,5,6,1,3,0,-831
7,3,12,8,11,1,2,15,18,5,13,4,10,17,0,6,9,14
-1,4,-3,5,6,8,9,-944,3,12,-5,0,7,11,-2,-4,1,2,10
5,6,3,1,0,2
3,0,-2,1,2,13,9,-4,4,-1,8,5,12,6,10,3,11,-3,7
1,3,8,-2,-3,-4,9,7,0,-1,5,6,4,-5
0,3,-1,12,7,1,18,4,19,10,15,-3,8,17,-2,13,11,5,6,2,16,14,5,9
3,192,2,6,1,-1,5,4,0
12,-2,5,13,7,9,8,2,4,1,10,11,0,-3,3,14,-1
1,4,-9,-1,-6,-7,-8,9,2,8,-5,0,-2,5,-3,7,11,3,10,-4
-3,3,5,6,2,-735,-1,4,0,1,7,-2
4,3,-5,-1,8,-4,-7,-2,1,-3,2,0,-8,-6,5,7,-115,6
-1,-6,-3,-2,-7,-5,-4,-8,-9,-848
11,15,9,6,-3,12,10,0,234,5,18,-5,3,2,-1,8,7,13,4,1,-4,16,14,-2,17
11,10,3,12,-2,5,7,4,18,-1,0,1,6,15,13,16,14,3,2,8,9,17
-2,7,3,5,4,0,2,-3,-1,3,1,6
-1,3,-2,1,2
2,-1,0,7,-240,5,4,6,3,-2,9,-3,1,8
3,1,2,-4,6,9,-3,0,4,686,8,5,7,-1,-2
-5,7,9,2,8,-2,10,-3,10,-6,0,-4,6,-1,3,4,1,5
-5,-6,-2,-3,-1,-4
1,-520,0,2,3
11,0,8,4,12,9,1,2,3,5,44,10,6,-1,7
799,3,2,0,1
14,5,-4,4,12,6,-7,-1,-6,-2,8,0,7,2,10,1,9,-5,13,15,8,11,3,-3
-3,-6,0,-5,-2,-1,-7,-4
3,-3,1,2,-2,-515,-1,0
10,-6,-5,16,-3,4,7,15,8,14,5,0,6,-2,3,-8,2,9,12,-4,-7,13,1,-1,11
-4,-1,-7,-3,-5,1,-2,-6
1,4,5,3,2
-6,-4,-2,0,-1,-7,-8,3,-9,1,-5,-3
-1,1,0,1,-3,-2
9,12,4,13,-5,-9,7,8,-3,11,15,0,3,0,6,-2,14,-7,-4,-6,10,-1,-8,1,5,2
-53,1,2,-2,0,-3,-5,-6,-7,-1,-4
5,1,0,-3,4,-2,-1,7,9,-4,8,8,2,11,10,6,3,12,-5
5,12,8,-5,-4,4,0,7,6,-3,2,15,14,3,13,-1,-2,10,9,1,-806,11
0,10,-4,6,-3,0,-5,7,-2,1,5,2,8,9,3,4,-7,-1,-6
-7,-2,-9,1,4,3,5,2,-1,-6,0,-909,-4,-3,-8,-5
-3,1,9,-5,8,12,6,4,5,-4,13,0,-6,14,10,-1,7,11,2,-7,-2,7,3
2,-1,-8,6,-9,1,7,3,-4,8,-6,-3,4,-5,-2,4,5,0,-7
-1,516,-2,6,1,-4,11,3,12,13,16,4,2,7,10,17,-3,9,15,0,14,8,5
17,-2,7,2,8,0,684,-1,10,16,6,1,12,4,11,13,5,15,3,-3,14,9
1,0,5,7,8,4,2,168,6,3
16,5,2,14,12,-1,4,8,-2,6,13,10,0,11,3,9,15,669,7,1,-4,-3,18,17
1,14,-5,7,-8,5,6,4,9,12,0,-6,-3,15,8,10,-2,13,2,-4,254,3,-1,11,-7
2,3,5,4,1,0,-714
6,2,9,9,-5,10,-3,7,-1,1,8,0,5,-2,-4,-7,3,4,-6,11
5,4,-1,-2,11,2,-3,0,-7,10,1,9,7,-5,3,12,8,-8,13,6,-6,-4,773
2,-5,-2,0,-7,3,-6,-3,1,-1,-4,8,4
10,-656,11,-3,-1,0,3,6,9,15,-2,2,14,1,8,13,4,17,-4,12,18,19,16,5,7,-5
2,0,3,-1,4,-2,1,5,220
4,8,0,2,6,1,3,-1,7,9,7,5
5,-9,2,3,4,525,-6,-5,8,7,0,-8,6,-1,9,1,-3,-7,-2,-4
16,-2,-1,10,17,-8,-3,5,-4,3,0,12,4,1,14,7,11,6,-568,13,-7,15,-5,8,9,-6,2
10,19,5,15,13,-2,-1,3,1,-4,9,16,6,-3,2,8,14,18,0,11,12,4,1,7,17
1,11,7,-1,5,9,8,3,6,10,2,4
0,1,921,4,2,3
0,981,-2,-3,-1
-2,-7,-8,2,-1,-6,1,-4,-575,0,-3,-5
1,12,-1,-2,3,4,0,11,2,8,6,7,5,9
1,-7,13,4,5,15,11,-6,7,12,2,18,19,-2,16,9,17,0,14,-3,10,-1,8,-5,3,-4
-5,8,-6,-9,-8,-4,-3,0,-2,-7,-1
-1,-91,6,7,3,-3,4,-2,1,2,0,5
8,-1,1,0,3,2,-2,4,6,5
-1,0,5,208,1,-3,4,2,-2,3
6,8,-7,7,-8,14,11,4,-2,-4,0,1,10,13,-3,12,-5,9,-6,2,517,5,3,-1
2,3,0,-162,-2,4,-4,1,-1,-3
5,1,7,2,0,3,6,-183,8,4
0,1,-736,-3,2,-1,3,-2
-3,-6,4,5,-4,-5,-822,2,1,-2,0,-7,-1,3
7,10,-5,9,8,4,5,12,15,2,16,-3,14,-2,6,-4,-1,11,13,0,3
4,11,1,172,-3,0,-4,-5,9,-1,-2,2,10,5,8,7,6,3
-6,-3,4,2,-5,-7,-8,-323,-2,-9,0,6,7,3,-1,-4,1,5
1,4,2,0,-2,-1,3,3
-2,1,-1,2,-3,4,3
0,-1,2,1,4,-2,4,-4,3,5,-3
8,6,4,2,26,0,5,7,3,1,9
9,10,-1,11,1,-2,4,-5,13,14,6,0,-3,5,2,3,12,8,-4
8,0,13,43,6,10,3,11,2,7,5,18,-2,9,17,14,1,16,-1,4,12,15
3,-5,-1,-2,4,6,2,0,1,-3,-4,-7,-6
-2,4,2,-4,1,0,-9,-7,-8,-6,-5,-1,-3
6,-6,-7,2,655,-2,-4,-5,-3,1,4,-8,7,5,3,0,-1
8,-8,-1,13,2,-9,3,7,6,0,-4,-6,11,1,4,12,-2,14,10,-3,-5,9,-7,15,5,-356
2,6,3,-5,9,-1,4,0,-3,-4,7,7,-2,-7,1,5,8,-6
11,-3,17,2,7,1,-7,-2,9,-4,16,5,-8,13,8,15,-6,-5,14,0,12,3,-9,-1,10,4,6,224
0,2,1,3,9
-1
0,-1,-3,-5,-2,-4,6
12,3,7,1,2,4,10,0,8,5,9,11,6,-521
-5,-2,-4,-3,0,-1
-2,-6,-7,1,-3,-4,8,9,-1,10,7,0,-8,3,-5,3,4,2,5,6
5,7,4,2,8,10,6,3,11,9,0,1,-89,15,13,12,14
3,-3,14,0,4,-1,8,-4,10,1,11,9,5,15,2,16,12,-2,7,6
-5,-1,1,-744,11,4,10,2,-6,9,-8,0,6,5,-2,12,-4,-7,-3,7,8,3
5,4,13,6,11,15,7,10,0,8,16,9,17,339,14,3,2,-1,1,12
7,6,8,13,11,5,12,5,2,9,4,1,10,3,0
8,841,-1,2,-2,4,0,-3,6,5,1,3,7
6,-1,7,-5,5,-452,-6,-8,-4,4,2,0,-7,-2,3,-9,1,-3
0,-7,-1,-4,5,1,-128,6,-8,-3,-5,4,-6,2,-2,3
5,4,3,2,1
2,0,3,5,-8,-944,-5,-3,-2,1,-6,4,-4,6,-1,-7
-3,-8,-1,3,6,0,-4,-6,-2,1,5,10,-5,9,-277,2,7,-7,4,8
0,2,-2,3,-1,702,-3,-4,5,4,1,-5
-5,0,-2,1,-6,-3,-1,-4,3,2,9,4,5,-7
5,-1,-2
-1,-2,2
13,5,3,8,-3,-2,7,12,-5,9,2,4,10,0,-4,1,6,-1,14
-309,-1,0,2,-2,3,4,1
-3,4,-2,1,-8,0,-1,7,-4,3,9,2,5,-5,6,4,-7,8,-6
0,7,1,3,2,5,438,4,6
-1,3,-2,972,2,1,-4,0,7,9,-3,11,-5,10,8,6,4,5
-3,13,0,5,10,-1,14,7,4,-2,11,3,8,1,7,2,6,12,9
4,0,1,3,2,-131,-1
-5,12,0,2,11,6,13,-8,8,5,-7,-3,4,7,-4,9,992,-2,10,1,-1,3,-6,-9
3,1,-3,0,-1,2,4,-2,8
5,1,4,3,0,0,2,-2,-1,-3
6,-1,10,-6,-2,14,-669,4,2,12,13,8,3,11,15,-5,-4,1,16,7,0,9,17,5,-3
2,4,0,1,3,-1,35
1,0,6,10,13,12,3,14,4,2,5,7,8,11,959,9
1,0,2,14,11,6,-3,5,9,17,13,10,7,8,16,4,9,15,-2,-5,-1,-4,3,12
-4,0,3,-1,-5,1,-2,-3
4,9,7,8,1,5,0,3,-2,2,6,-109,-1,-3
3,14,-9,-2,-4,-3,9,13,4,11,6,1,-7,16,-5,-8,0,7,874,15,-6,12,10,2,5,-1,8
-2,-3,4,-655,-6,0,-4,2,-8,3,-7,-5,1,-1
-4,-1,-8,-6,1,-2,-3,-5,-9,-7,2
-2,1,0,-3,-5,5,-4,3,4,2,463,-1
0,7,2,3,1,-1
5,3,17,16,2,11,4,-584,10,7,13,14,9,1,8,18,6,0,12,-1,15
6,-2,7,11,0,-1,-3,1,9,2,8,4,5,3,10
6,9,11,4,10,8,0,3,7,2,1
-1,1,-2,0,6,8,10,4,5,16,9,15,11,12,17,7,13,14,3
5,0,4,1,-2,6,-1,-3,2,366,3
-6,-2,-4,-5,-3,0,-7,-1,-196,1
0,2,1,338,3
3,5,0,-4,6,-2,-3,-1,4,8,9,1,2,9,7
-2,-3,2,1,3,-1,808,0
-3,-4,-1,-6,-5,-2,199
2,-2,3,4,8,0,-4,5,9,-5,-1,6,-3,7
2,5,7,-1,1,9,8,3,6,4,0,2,10
-1,-3,5,13,11,8,0,2,-6,-4,10,-7,-8,3,1,4,12,6,-2,9,-5
-1,2,1,-6,9,7,-3,-5,-4,-2,6,13,310,3,5,0,11,12,10,-7,8,4
699
0,-928,7,6,8,-4,10,1,5,4,9,-2,-1,2,-3,3
6,0,3,8,4,10,1,5,9,4,2,-1,7
-7,7,0,-3,6,2,-4,-2,-1,-8,-6,3,-5,4,5
1,0,1
-3,-2,3,-1,6,2,1,0
-3,7,0,-1,-2
6,3,7,5,4,8,2,1,1,0
2,611,0,6,1,4,5,3
5,17,10,3,11,4,-1,14,0,2,19,16,0,-2,8,12,13,15,18,7,9,1,6
8,7,4,5,3,4,0,10,6,2,9,1
13,2,-5,16,10,3,9,-4,3,7,1,8,14,4,11,6,5,17,-2,0,15,12,-1,-3,18
7,6,8,1,2,5,7,0,3,4
10,12,4,-5,8,-6,11,1,-3,2,9,5,-2,6,7,-4,183,0,3,-1
-1
0,5
14,17,10,13,0,12,9,3,11,1,2,16,4,7,8,5,15
-2,3,5,4,0,2,-182,6,7,1,-1
-5,0,-9,-4,-7,-1,915,1,2,-6,-2,-8,-3
8,9,3,-2,7,1,64,2,5,0,-1,4,6
-4,-1,3,-2,2,-3,1,0,2
10,-2,-3,1,-4,0,9,5,7,-105,4,6,8,2,3,-1
0,3,-3,-1,1,-2,-4
-1,-5,-7,-2,-6,9,10,-4,4,1,-3,8,6,5,2,3,7,0
-1,-3,8,-2,-7,2,-5,4,7,1,5,0,10,6,-6,-4,11,-8,9
9,6,11,-1,2,-4,-8,1,-511,-2,-7,-6,-3,4,5,7,10,3,13,12,8,-5,-9,0
-9,385,1,-3,3,5,0,-6,-8,2,6,7,-1,-7,-5,-2,-4,4
-7,-5,3,-771,-8,1,2,-6,-4,-2,-3,-1,0
-138,2,1,0,3,-2,5,-1,4
386,-1,-5,-2,2,-7,3,-9,0,5,4,-8,-6,-4,-3,1
12,15,8,11,7,9,2,16,4,5,1,14,-1,13,0,10,6,17
-8,1,-6,-3,3,-2,2,-7,-9,333,-5,-1,-4,0
9,6,1,2,3,-1,-2,5,0,8,7
0,4,0,1,3,2
5,6,16,0,244,7,15,11,12,13,-1,1,4,9,3,2,14,17,10,8
-3,3,-2,1,0,-1,-959,-5,-4,2
7,-1,1,0
0,2,303,1
4,1,0,5,6,7,3
5,288,11,4,12,2,-8,-7,10,1,-2,14,-6,13,8,6,-3,9,-1,16,-4,0,7,15,3,-5
16,0,3,6,14,1,7,13,2,15,12,5,9,4,2,8,10,11
-387,12,10,0,6,3,8,13,9,-1,5,4,11,2,1,7
1,0,-1
17,9,0,6,-7,8,7,-5,3,15,10,-3,448,18,-2,-4,4,14,12,5,-1,13,-6,2,11,1,16
5,12,7,8,9,11,-2,14,4,-1,6,3,13,10,2,-3,0,-4
-6,-4,-2,-7,-3,-1,-5
-1,0
-4,3,2,-5,-3,13,0,11,12,8,9,5,293,1,6,-1,-2,10,4,7
2,0,15,16,13,11,10,3,9,5,18,12,130,17,4,14,7,1,6,8
-3,-5,18,10,19,-2,14,5,1,4,6,-1,12,13,8,11,3,2,15,17,0,174,16,9,-4,7
4,1,5,3,-1,0,-95,2
2,-3,0,-5,-2,-4,0,4,-1,1,3
6,9,3,1,-2,7,-3,0,-4,5,8,2,782,-1,4
16,10,0,2,12,9,7,3,15,13,11,5,8,17,14,6,1
19,4,15,13,-4,0,18,-5,14,-1,-3,-2,6,5,-7,16,10,3,7,1,2,12,-6,-9,-8,8,8,9,17,11
-821,6,-4,-5,5,0,-6,-1,7,8,1,3,-3,-2,2,4
6,1,2,3,5,0,4,3
-1,1,-2
-1,1,529,8,-4,-3,7,3,-2,5,12,16,10,9,6,15,14,11,4,2,0,13
-3,0,-1,2,4,-9,-8,-5,-7,-2,3,5,-4,-6,46,1
-6,-3,2,-4,315,1,3,-8,8,4,-2,-1,5,-7,6,-5,0,7
-1,-6,-5,-4,-3,-9,-7,-8,-2
6,-2,-797,9,7,4,1,8,-1,0,2,5,3
0,5,3,13,12,11,15,6,2,14,8,9,1,7,10
-2,5,3,-1,1,7,8,0,2,9,4,6,-714
2,17,13,4,12,7,14,15,5,11,-1,8,16,6,9,3,0,-421,1,10
-1,8,7,5,14,-5,13,4,1,6,3,16,15,18,10,17,11,0,9,-4,-3,-2,2
8,705,2,-4,7,-5,12,0,-2,9,-1,5,-3,6,11,1,3,4,10
-1,-9,8,7,6,-2,2,-5,4,4,5,-7,-4,-3,-8,-6,1,0,3
-2,1,5,-1,2,0,4,3,-3
-1,1,-2,0
2,3,1,-1,0,5
15,0,16,5,17,19,-2,12,18,-6,13,8,-1,10,-3,2,9,-4,11,7,-5,5,6,3,1,14,4
7,4,585,1,2,5,0,3,6
-8,3,12,-5,-1,-3,13,1,-2,6,-9,15,9,14,-6,4,10,5,8,-4,9,2,0,-7,7,11
-1,-3,-2
7,-3,-5,-7,-4,4,6,12,-2,-1,9,2,1,11,3,0,5,13,-6,8
13,-2,1,7,10,2,9,3,11,12,17,18,8,0,5,-4,150,14,4,16,6,-1,15,-3,-5
8,6,492,3,7,5,4,0,1,2
1,4,5,2,849,0,3
-7,1,4,2,-4,-1,7,6,0,-6,8,5,-5,-590,3,-2,-3
1,2,4,11,0,9,5,10,6,-1,12,3,8,-2
9,12,17,18,14,13,8,0,4,16,1,5,3,-1,955,10,-3,11,2,19,15,-2,7,6
0,-3,0,-1,-2,-4
3,0,1,-1,7,-3,5,-5,-2,5,-4,6,2,-6,4
-2,-3,-288,-1,-4
-2,-3,0,-971,-1,1
714,-3,-1,-2
-2,3,0,2,1,-1,1
-6,-7,-8,-2,-5,0,0,1,-3,-4,-1
-8,9,-3,13,-6,4,-4,2,-9,10,0,1,3,-2,5,11,6,-7,-1,12,-5,7
1,-2,0,-5,-7,-6,-8,2,-3,6,-778,4,3,5,-1,-4,-9
0,4,2,3
-3,1,3,-1,-6,-2,2,-210,-5,-4,0
14,13,4,0,1,9,10,11,7,8,6,2,-3,3,-1,-5,-4,-2,12
-2,624,7,6,8,1,-1,9,2,3,4,0,5
2,-2,14,9,-1,6,10,12,7,18,16,3,19,1,17,0,5,13,8,4,11,15,0
10,-5,7,18,1,-3,9,13,6,3,-4,11,-7,-1,5,16,14,-6,2,12,-2,0,17,8,15
-1,0,2,-2
-4,-5,2,-1,1,0,-3,-2
10,2,-1,-5,7,-3,-4,3,0,5,6,33,-6,-2,1,8,4,9,-7
-1,-2,1,0,855,-3
6,15,-1,12,13,14,11,4,8,1,16,10,3,5,2,0,7
-1,0,-3,-4,-5,312,-2
1,-142,0
-3,-8,3,-6,-4,8,-2,1,6,0,-9,4,10,-1,2,-7,9,-337,7,-5,11,5
7,-4,-3,-5,-6,-1,-2,0
4,9,10,-3,1,-5,-8,15,11,-7,-2,5,0,12,4,6,-4,-6,7,13,2,8,14,-1,3
3,15,-6,1,2,0,7,-7,10,12,-1,4,-3,14,9,6,-5,120,-4,11,8,-2,5,13
-2,10,-4,9,1,13,-5,4,-3,11,14,5,3,12,-7,6,-1,2,-6,8,7
11,12,4,7,10,15,6,-2,14,3,-1,8,-4,-3,13,2,0,1,5
-1,-2,-3
403,1,-1,0
2,0
8,18,15,10,5,13,14,12,17,0,1,16,-2,-3,-1,2,7,4,9,11,6
11,12,8,1,7,8,2,6,5,4,-1,10,9,-2,-3,3,0
-7,5,-4,8,2,3,4,9,0,6,-5,7,-1,-3,-6,1,-2,274
-1,3,0,-812,-6,-3,-7,-2,2,4,-8,-5,-4,1
-1,-8,-4,2,-2,5,-6,3,197,6,-5,-7,4,0,-3,1
-5,6,3,-2,8,-139,4,-7,2,-4,-3,-1,5,1,0,7,-6
0,-1,-2,-3,-975,3,-5,4,5,1,2,-4,8,6,7,-6
-5,1,-2,-1,-4,4,12,562,13,8,10,-3,6,-6,3,2,9,5,0,7,15,11,14
2,-2,1,-1
16,11,8,0,13,3,5,12,-1,10,9,2,-2,17,9,14,4,1,7,15,6
3,-1,7,4,193,1,6,2,9,0,5,8,10
-1,9,0,4,-4,-3,8,2,6,7,5,10,1,-2,-5
-2,0,-1,-3
10,7,-6,-7,612,-2,8,4,3,6,-4,0,9,5,-3,-8,12,-5,-1,2,1,11
1,3,6,13,4,9,8,5,7,2,10,0,12,857,11
-5,-8,-7,-1,-3,-9,-2,-4,-6,-771
-2,-3,6,-5,12,11,9,8,19,16,5,1,-4,10,13,7,3,-1,0,14,4,18,2,15
0,-9,-4,-1,-8,-3,-5,1,-7,-6,0,-2
-427,6,3,0,4,8,5,10,11,9,2,1,14,7,12,13
1,-1,-2,-3,3,0,2,4,-4,-5,2
12,14,8,6,5,15,4,757,-2,1,0,-1,7,9,10,11,3,-3,2,13
11,-2,10,6,5,3,9,8,13,2,12,-1,0,319,7,4,-4,1,-3
8,2,0,-2,4,1,8,5,3,6,7,-1
7,1,5,2,453,6,3,4,0,-1
5,9,4,14,9,3,2,8,1,0,17,11,10,16,6,7,13,15,12
19,5,-6,15,0,8,-1,16,7,3,-2,2,-3,17,11,6,1,13,12,-5,14,18,3,4,-4,9,10
-2,7,6,-3,1,0,10,-1,9,5,11,2,8,4
0,1,2,-113
9,14,5,11,8,3,4,361,6,13,-2,10,-3,-4,0,-1,-6,7,12,1,-5,2
-5,-7,9,-1,-6,13,7,5,5,-2,10,1,6,-8,-3,2,-4,3,0,11,4,12,8
0,-2,-5,-6,1,-3,-7,-1,-4
-5,-1,-4,-2,-3
-2,9,-7,-6,8,10,-4,-5,-1,6,7,1,0,11,2,3,4,-3,5,7
2,-5,-6,-4,-1,1,-2,-3
-1,0,-2,5,2,4,-3,3,-78,-5,1,-4
-1,1,0,2,4
11,4,2,7,0,5,9,-4,1,8,-5,-1,4,-3,6,12,3,-2,10
-4,0,-1,-385,-6,-3,-5,1,2,3,-2
-8,-1,176,-6,-2,-5,-9,-3,-7,-4
0,-4,-1,-5,-3,2,-6,1,3,-2,801
0,14,10,3,663,5,12,13,8,1,15,16,6,11,2,7,4,9
-1,0,0,1,-4,-5,-3,-6,2,-2
3,1,846,5,8,0,2,10,7,6,9,4
0,3
9,7,9,6,2,-4,5,-1,16,10,17,8,12,18,11,1,15,-3,3,0,14,13,4,-2
-742,-9,-3,1,3,-7,0,-5,-8,-6,-4,4,-2,2,-1
4,8,-821,-3,-1,11,10,9,1,2,12,6,0,7,14,-2,3,13,5
6,-1,-4,2,-5,3,-3,0,1,4,-2,-6
14,7,15,5,9,6,12,3,10,1,8,16,17,4,2,13,11
4,8,0,11,2,7,12,10,3,5,1,6,4,9
-5,-2,-3,-6,-4,1,2,-1
8,9,4,-2,1,3,7,-3,10,2,0,6,5,-1,12
0,4,1,2,5
-4,11,17,13,1,9,-3,4,2,-1,5,16,8,3,0,15,10,7,-2,14,6
14,-1,-3,7,3,1,13,-4,0,17,2,6,5,15,10,8,18,9,16,12,4,-140,11,-2
-2,-493,1,0,10,-1,3,8,6,7,5,9,2,4,11
-97,1,0
4,3,2,-246,-6,-5,7,-1,12,15,14,13,-4,11,1,9,0,-7,5,6,8,-3,10,-2
3,7,2,1,0,5,-1,6
0,12,6,2,-4,9,14,7,-3,8,15,-2,13,1,-1,16,10,5,4,3
6,3,7,-6,-81,1,-1,5,8,-3,4,-2,-4,10,9,-5,0,2
12,13,16,15,11,-3,17,-2,6,5,4,10,0,-4,14,1,7,-1,8,2,3,9,18
11,6,17,8,2,-1,0,10,3,16,-2,9,7,15,12,8,14,1,4,5,13
596,7,6,2,0,4,-1,5,1,3
-2,0,-3,2,-4,-7,456,3,-1,1,-6,-5
11,-1,4,0,13,12,16,15,8,6,9,7,10,3,14,2,5,-2
5,1,3,-2,-350,-1,2,0,4
12,671,-6,4,6,0,11,-3,-1,3,7,-5,5,1,10,9,8,2,-4,-2
11,-4,8,-8,1,10,2,-7,0,12,-666,-3,-1,9,4,-5,3,-6,5,7,6,-2
5,11,10,8,9,2,3,4,1,6,-1,0
-1,-3,-2
-1,-3,-2,3,7,-5,-4,4,8,1,10,0,5,2,9
13,16,1,17,2,10,7,-6,5,-4,11,0,18,3,8,9,4,15,-2,-1,-5,6,943,-3,12,-7,14
3,4,2,1,6,5,7,-1,10,9,0
3,0,-1,2,-2,5,1
9,-2,18,12,16,3,0,14,4,13,7,15,6,1,10,-9,5,-1,2,-5,8,-8,17,-3,-6,-7,-4
3,-4,6,-3,-6,-5,-2,-1,7,1,0,5,2,998,4
5,1,4,2,0,3
-2,-6,-3,350,-7,-4,0,-5,-1
-2,7,1,6,2,9,8,0,-1,4,3,191,5
-1,-4,13,11,3,5,12,14,-5,6,1,10,8,-8,16,15,-9,9,2,17,0,-2,-6,-7,7,-3
-2,-675,3,-3,-1,1,4,2,0
2,1,-7,4,3,-2,-5,-6,-3,-1,-4
5,-6,3,2,7,-2,9,8,-5,-3,-7,6,-1,4,1,0,-4,-8
2,3,5,-2,0,-4,-3,1,6,-1,4,657
19,14,-3,12,16,1,695,-1,5,10,11,4,-4,9,3,18,17,0,-2,15,7,6,2,8,13
8,4,5,7,0,3,9,2,6
-3,-1,2,-2,-4,0
4,7,16,9,3,-6,-3,-2,-1,-9,-7,17,-5,2,1,-4,12,0,-8,8,10,6,14,5,11,15,1,13
6,15,-1,1,18,13,5,0,17,3,7,11,14,12,2,10,824,9,8,16,4
-1,-4,0,-2,10,1,-3
5,-1,7,-8,-6,4,-5,3,-7,8,2,9,-4,0,-3,1,140,-2,-9,6
12,5,2,-4,-1,18,7,3,17,5,-5,4,8,6,15,11,-7,10,-2,0,-6,1,-3,9,13,16,14
-6,5,0,9,-5,-1,11,7,-2,2,4,1,-3,-4,3,6,10
3,4,6,-3,-161,5,0,-1,2,-4,1,-2,-5
-1,569,-4,0,-3,-2
5,-518,7,0,10,-1,8,4,2,11,3,9,12,1,6
3,8,7,5,9,10,0,2,6,14,9,11,4,1,13,15,12
615,9,0,8,3,4,1,6,2,11,7,10,5,-1
-6,3,7,-4,13,14,4,-473,-5,5,-1,2,6,11,1,-3,0,12,-7,-2,10,9,8
-4,5,4,8,6,3,1,-1,0,9,7,10,-2,-3
5,2,-1,-2,4,-3,-685,-4,3,0,1,6
7,12,1,10,3,-2,9,11,0,-4,5,8,6,-5,-17,2,-7,-6,-1,4,-3
3,7,4,-7,15,13,-4,11,9,2,-3,10,14,5,-6,6,12,-1,-8,7,0,8,-2,-5,1
6,-1,0,11,1,57,5,2,-2,7,3,9,10,-3,4,12,8
9,1,-7,2,-4,10,-6,18,15,8,6,17,11,-3,-1,16,7,5,0,13,-2,3,-5,4,12,14,444
-3,-6,-1,-7,5,0,-5,-2,2,186,4,3,1,-4,6
-6,9,-3,5,-4,7,-5,4,3,12,1,6,11,16,0,17,425,14,10,8,13,15,2,-1,-2
-7,4,7,8,6,-8,0,1,-9,2,3,-1,-6,9,-2,-4,-3,5,-5
1,-5,0,4,2,-4,-8,7,-1,-6,5,6,-2,-3,-7
403
7,2,8,1,0,6,9,5,4
-1,1,2,9,-3,6,8,12,11,3,5,4,7,0,-2,10
-6,-1,9,4,1,-7,8,-5,7,-8,-9,5,-3,-2,-4,3,2,0
11,18,0,12,2,9,14,13,8,6,16,15,17,1,10,7,4,0,5,3,19
0,-2,-5,-4,-1,2,-7,-3,-6
-4,-9,-3,4,-5,-7,5,1,-2,6,0,-1,-8,-6,3
-4,3,0,-5,6,-3,-138,4,5,-1,1,-6,2,-2
4,12,-2,-1,5,10,6,18,8,14,13,11,15,17,16,1,-828,2,9,3,7,0
11,0,9,-5,1,2,-3,5,-579,12,6,15,-4,3,4,7,-2,-1,8,14,10,13
1,-2,2,0,-1,-3,3,-6,-7,-5,-4,845
0,3,7,2,1
3,-4,-6,1,6,-5,-1,4,5,-2,9,765,0,8,-3,2,7
14,7,13,3,5,6,1,11,8,4,-1,2,12,0,10
5,-1,2,3,4,6,-2,-4,-3,0
-3,0,-1,-2,-4,-7,-6,-9,-8,2,-5,3
1,-1,-3,-4,2,-2,0
-1,2,3,5,6,4,0
-6,9,-2,10,6,1,3,2,4,8,-8,-1,0,-7,-4,7,-3,-5
-4,15,-7,1,-1,11,-3,9,-5,14,2,-6,7,10,13,873,-2,8,5,6,3,12,0,4
-1,5,10,11,18,3,-3,15,0,6,12,13,14,1,9,-2,-5,2,-6,7,-4,17,4,16
3,2,7,13,11,1,0,10,12,14,4,-1,5,6,8
1,-1,-3,0,2,586,-2
0,12,4,13,2,3,9,-87,6,1,7,14,-1,11,10,15,5,8
7,-1,1,5,0,4,-2,8,9,2,6,3
0,-7,-9,-3,-1,276,-6,-2,-4,1,2,-5,-8
6,0,9,4,-847,8,3,5,1,7,2
12,11,14,13,6,9,0,8,15,2,1,3,4,7,10,9,5
-8,0,4,8,3,-6,-2,-5,-1,1,-4,2,-7,-9,-3
9,15,-1,2,12,19,14,16,0,8,17,11,18,1,10,7,13,3,5,4,6,3
16,-2,-3,2,13,-1,7,-7,0,18,12,17,-5,-4,4,3,10,1,-6,11,0,15,9,14,6,5,8
2,0,-1,715,13,10,5,3,-2,12,9,7,4,11,1,6,8
-3,-5,7,9,-4,-9,2,4,8,1,3,0,-6,6,5,-1,-8,7,-2,-7
-3,-6,2,0,-2,-4,1,-5,-7,-1,5
-7,11,-1,-3,-4,2,4,0,8,1,6,5,-2,10,9,-6,3,-924,-5,-8,-9,7
-2,-1,1,-3,2,697,0
4,6,5,-327,0,3,7,10,2,1,9,8
-1,-2,-5,-3,-4
11,-5,5,12,7,9,0,-1,8,2,13,-6,-4,1,-3,4,3,6,-2
9,13,15,10,8,-1,1,0,351,3,5,4,7,-2,18,6,11,16,14,12,2,17,19
-1,3,-779,0,11,9,6,4,8,-2,5,2,1,7,10
0,1,-1,862,2,3,5,4,6,7,-2
5,17,1,16,-2,15,2,4,6,8,-1,0,12,11,14,0,3,10,7,9,13
3,-2,-4,0,1,-3,-5,-1,2,4,6
9,0,-6,-7,3,-3,-1,10,14,-8,6,1,13,-2,5,-5,11,2,8,12,-4,7,-950,4
1,6,8,4,3,-1,0,4,5,2,7
6,-3,2,5,-1,-4,3,-2,4,0,1,-5,265
1,-6,8,14,4,-1,9,12,13,0,-3,11,3,-123,10,7,-5,-7,-4,5,-2,6,2
4,3,-3,-2,-4,12,1,7,15,2,0,5,14,17,11,-1,16,10,13,1,6,9,8
-3,-5,-940,0,-2,-7,-6,-1,-4
2,-2,12,1,13,4,0,16,3,10,11,-1,14,15,7,6,5,8,-4,-3
2,0,1,-168
0,-4,4,-2,-3,3,1,-1,5
5,1,2,15,3,12,7,233,4,17,14,16,13,11,10,9,6,8,0
-6,-7,-9,7,0,-8,-75,4,-4,-3,-2,3,10,1,5,2,6,-1,9,8,-5
0,-2,-1,1,-832
-6,14,-4,1,-3,8,3,-5,10,11,6,4,9,7,16,17,-2,-7,5,-1,15,2,13,0
6,1,10,4,5,9,500,14,11,12,0,13,8,3,-1,7,2
4,9,7,-3,0,8,1,6,2,-5,5,-6,-1,10,-4,-2,3,865
6,-4,1,-1,3,-5,-8,4,-7,-3,5,-793,2,-2,-6,0
2,-1,0
-3,562,0,-1,3,5,6,8,2,4,7,1,-2
-6,-2,2,1,-9,-4,0,6,3,-7,-8,-1,-5,-3
0,1,4,2,3,-1,-885
3,88,0,2,1
105,2,1,11,7,3,9,10,8,6,4,5,0
-9,-8,-6,-3,1,2,0,-7,-5,-2,-4,-1,-554
18,14,17,9,15,1,6,2,16,5,-1,13,8,0,4,10,-249,3,11,7,12
3,7,11,5,4,9,2,0,10,6,1
-4,5,4,13,17,15,0,-5,18,2,-3,3,6,19,-1,7,1,16,12,9,-2,10,14,8,11,4
2,-2,-1,1,0,-5,-3,-6,3,-4,512,4
4,-6,17,14,16,2,9,10,-2,-8,12,247,8,15,5,-1,13,7,0,1,6,-9,-7,-3,11,3,-5,-4
2,-4,-6,-2,1,-1,-5,0,3,-3,-586
2,5,1,-4,-5,-1,0,-3,-2,3
-1,3,4,6,-4,7,2,-2,5,0,-57,-3,-5,1
16,4,12,-1,0,13,6,1,8,10,7,15,3,2,14,5,9,17
-1,-3,3,398,1,-2,2,0,5,6,4
7,9,8,-1,1,5,6,2,3,-2,4,10,13,12,11
0,4,3,-2,5,-1,-4,6,2,736,1,-3,7
-1,0,2
4,6,-4,-3,5,-827,8,7,3,-1,-6,-7,2,1,-5,-2,0
0,-1,3,1,6,5,2,-966,4
-2,2,-5,4,9,-1,3,-7,0,-6,-3,-4,1
12,0,-4,-5,10,-2,3,-260,-3,-1,2,7,-6,6,-7,-8,1,4,9,11,8,5
8,7,1,3,2,13,4,5,10,-4,9,-1,12,14,11,-741,-3,0,6,-2
-2,-1,0
6,5,7,2,12,1,4,0,11,10,3,9
-1,5,10,3,14,15,-2,9,-3,0,8,6,7,12,13,2,1,11,272,4
3,6,11,10,7,5,4,9,1,0,12,10,8,2
3,-1,0,1,2,6
2,-3,-1,-6,0,3,4,-5,-4,1,-475,-2,5
0,5,-2,-1,-3,2,4,1
1,4,847,9,6,8,7,5,0,2,3,-1
-896,-2,-4,-3,-1
8,14,-3,-5,-1,10,-2,6,0,5,1,9,15,3,11,4,12,-7,2,7,-4,-6,9,13
1,3,-6,-2,4,0,5,-3,2,-4,-463,-1,-7,-5
4
4,0,2,1,5
4,1,3,2,-785,0,-1,5,-2
8,0,7,6,1,3,-4,4,-1,2,-2,5,-3,-897
5,12,8,16,4,13,15,3,11,18,2,14,0,1,181,10,17,7,9,6
3,9,1,-2,11,7,0,-3,2,5,-6,10,8,6,13,-4,-1,-5,12
-5,-1,-2,-3,0,-4
-1,13,9,5,1,0,10,8,16,12,15,14,-2,7,3,19,18,6,4,11,2,17,-580
11,10,7,-3,744,8,-1,1,-4,-2,9,4,0,6,3,-5,5,2
2,1,-3,5,4,-2,-6,-909,-5,0,-1,7,-4,3,6
0,-2,10,12,2,14,1,6,3,-1,15,13,5,8,11,4,9
13,5,-233,1,11,9,4,-1,10,7,2,-3,6,0,12,3,-2,8
-37,0,2,4,8,6,5,-1,-2,3,7,1
7,11,8,6,5,2,1,10,-1,3,13,4,14,9,627,0,12
0,3,5,4,2
3,5,2,0,1
-6,-3,-8,3,5,-4,2,9,4,-2,1,-5,13,17,6,-1,16,14,7,11,8,12,-7,-9,15,10
-3,3,16,4,0,7,17,1,2,9,18,-2,-4,13,8,-550,6,12,14,15,-1,5,10,11
-3,5,4,3,2,-894,-2,0,-1,1,-5,-4
1,0,3,2,617
-1
11,0,1,-4,12,10,5,-1,4,-2,13,7,8,14,9,3,162,2,-3,6
2,4,11,0,-710,9,5,8,1,6,3,-1,12,7,10,13
6,788,1,3,4,2,5,0
-2,0,4,5,-4,1,-5,-1,2,3,-6,560,-7,-8,-3
9,-2,4,2,1,6,7,-5,-3,-4,3,326,10,-1,5,8,0
-1,467,-2
7,429,2,-3,-1,-2,3,1,-5,4,5,0,6,-4
-3,3,1,0,345,-4,5,-5,7,2,-2,-1,4,8,6
1,0,4,2,5,3,5
0,-3,-1,0,-4,-2
-7,9,-4,4,-8,3,1,0,8,-3,-6,10,2,-1,-2,6,5,7,-5
-2,0,-3,-1
5,-1,2,1,4,7,0,-430,6,3
-1,3,-3,9,10,4,2,0,-6,1,6,12,-5,-4,7,-2,5,11,8
1,-997,-2,2,-3,-4,-5,-1,0,-6
-1,6,-3,-2,-6,-5,-7,-4,-8
12,-1,11,13,8,-615,6,2,4,7,5,3,0,16,17,15,14,10,9,1
-1,-3,-7,-6,-2,-8,-5,3,-4
17,11,2,5,1,15,10,16,8,9,13,6,3,7,2,12,0,4,14
-2,-8,2,-6,-7,1,0,-845,7,-5,-4,-3,3,6,5,4,-1
-6,-2,0,-7,-3,-1,-4,2,1,-8,-767,-5
8,-2,0,9,-395,6,2,4,10,1,3,11,7,5,-1
1,3,2,0,4,-511,5
-4,6,9,-6,516,3,5,0,10,12,-2,-5,-7,-1,7,2,1,8,4,-3,11
-2,0,-1,-143
3,-5,-3,4,-4,1,-6,-2,-1,0
5,0,15,-2,14,664,6,7,12,8,-1,18,11,13,2,1,3,16,17,9,4,10
3,4,8,5,0,1,2,9,7,1,6
7,6,5,4,-3,3,-7,-6,-1,-2,2,10,-4,1,-5,0
9,0,3,-6,7,-1,-9,5,-2,-8,-5,6,-3,-4,-7,1,4,8
1,4,1,3,5,2,0
19,15,2,6,12,3,9,18,-1,10,11,17,-2,1,7,8,5,4,14,13,0
5,759,8,1,4,2,6,7,3,0
-5,4,-4,-1,3,-2,1,2,-3
-2,-4,-542,-3,-1,-5
-3,16,115,-2,-1,5,2,13,7,0,-7,17,-8,9,10,19,6,-5,1,4,14,18,-4,15,-6,3,11,8,12
3,2,13,1,9,7,-1,14,4,15,8,6,10,-2,12,11,9,5,16,0
1,0,10,-5,-2,9,-8,-3,-6,2,4,3,-4,11,6,-1,8,7,-7
13,11,-3,12,0,7,-1,16,-2,6,3,2,9,5,10,1,4,15,14
-1,6,-3,3,5,4,11,7,-2,2,0,1,9,10,-613,8
3,7,-1,5,0,2,8,-4,1,-2,4,6,-5,-3,9
-2,-1,0,-4,-694,1,-3
9,3,1,-3,1,8,2,-5,-1,5,0,6,-2,4,11,7,10,12,-4
7,-1,-6,12,5,4,-2,15,14,-4,3,9,10,8,0,6,13,-5,1,11,17,-3,-948,16,2
-1
1,2,3,4,6,-1,446,0,5
0,4,6,10,8,7,9,3,1,2,5,10
7,5,4,1,2,8,0,-651,3,6
1,5,7,0,-1,10,2,4,9,-3,6,3,-4,-2,-5,11,12,0,8
3,8,-1,1,6,11,9,2,7,0,4,12,10
9,3,6,-4,-1,2,-2,-3,-6,8,0,-7,1,-5,-8,5,7,4
-4,-5,1,0,3,-1,2,-6,-3,1,-2
1,-4,-1,2,-6,-3,-5,0,-2
0,-1,-157,4,2,1,3
5,9,2,10,7,3,8,0,11,6,1,12,4,7
-1,-6,-3,-2,4,-7,-8,-4,-5
6,9,1,921,13,11,10,3,8,4,14,15,-1,7,0,12,2,5
-159
-2,-1,-7,-5,-3,0,1,123,-4,-6
-5,-1,-4,-6,2,3,-2,4,0,-3
2,-1,9,582,1,-4,6,0,10,8,3,-3,7,5,-2,4
1,-3,-1,-2,2
696,-3,3,-7,0,1,12,13,6,-4,8,4,14,11,10,-5,2,-8,-1,-6,9,7,-2,5,-9
1,-2,9,-4,3,-6,0,-1,-3,4,-5,2
-26,-2,-1,-3
-2,0,-1,1
3,2,4,-1,1,0,-673
3,5,1,11,8,14,0,15,6,13,9,1,10,4,7,2,12
4,-1,2,0,3,529,1
-4,-5,-3,-1,-2
-2,-3,1,-1,3,-4,0,2,639
-1
4,15,2,-1,13,9,5,3,12,-3,0,14,0,6,-2,8,11,1,7,10
-1,3,173,2,1,0
4,3,-1,-3,5,0,7,-7,-6,-2,-8,-4,3,-5,2,6,1
5,0,-1,1,2,3
-1,0,1,2,-293
-4,-2,8,6,4,3,-3,9,-1,14,5,1,2,11,13,7,12,10
-7,8,-3,-6,0,2,5,-4,4,3,9,1,-8,120,-1,7,6,-2,-5
1,-1,-4,5,3,2,-3,6,4,-2
3,-5,2,-6,1,-2,0,-1,-3,-4
-1,12,3,-4,9,17,7,-5,11,1,2,0,15,-643,5,-3,8,16,4,6,-2,14,10,13
-2,-3,0,-181,1,4,2,-4,-1,3
4,14,2,-2,11,-6,-3,-4,-322,-5,3,13,15,9,12,0,5,7,-1,1,6,10,8,16
5,-200,8,0,-1,9,13,3,6,10,11,-2,14,2,15,4,7,1,12
2,-1,6,4,-672,3,7,0,1,5
1,-3,6,-1,-56,3,-4,-5,5,2,0,14,13,-2,-6,7,4,11,8,9,10,12
3,8,-4,2,7,6,-3,-427,-6,4,9,0,5,-5,-2,-1,-7,1
10,17,0,2,7,9,4,-1,13,16,6,3,11,275,5,1,15,14,-2,8,12
10,-3,13,0,-5,11,-1,-351,-4,8,9,3,5,1,7,6,-2,4,2,12
6,9,-2,0,1,4,2,-1,11,10,-3,-4,8,-5,7,-6,3,5,12,9
2,4,8,6,12,7,-5,10,9,-1,-2,5,3,-3,1,0,11,-787,-4
2,11,1,12,0,9,4,7,3,5,-158,10,6,8
-537,-5,-4,-1,-7,-8,-2,0,-6,-3
5,1,-3,-4,-6,-2,0,4,2,6,3,-1,246,-5
1,0,188
1
-2,0,-8,-4,2,-7,-9,9,-3,3,-5,-1,-6,4,1
8,13,-1,-2,2,6,9,1,10,5,-3,0,12,11,-5,-6,3,7,-4,4,9
4,-4,-3,-2,-8,6,1,3,5,-9,-1,0,-7,-5,5,-6,2
18,-1,19,4,-2,17,16,3,5,7,6,15,2,10,13,1,12,11,8,-3,0,9,609,14
13,14,7,8,17,3,-9,6,4,-4,5,-5,9,-7,11,18,2,16,-1,12,0,15,-6,-3,-8,9,10,1,-2
-1,11,10,13,6,-3,12,3,8,2,7,-2,0,9,-4,5,4,1
6,8,7,-1,5,4,-4,-3,2,-7,1,0,3,-6,-5,-2,10,7,9
-4,-2,0,1,-1,2,-3,-277
-1,-6,1,-5,-4,932,-2,0,-3,-7
-4,-7,-5,1,9,-2,0,-8,-6,-1,-3
3,9,-3,16,13,-2,1,5,4,0,-5,11,7,19,12,-6,18,8,10,-7,15,-1,14,17,3,-4,6,2
13,6,9,4,12,11,5,0,1,996,3,2,10,8,7,-1
-3,0,-4,-2,-336,-5,-1
-7,10,5,0,7,-1,-4,12,1,16,14,11,577,6,18,9,4,15,-5,-3,13,-2,2,-6,3,8,17
0,6,1,5,7,3,-37,2,4,8
4,1,13,12,3,0,643,5,-1,6,2,14,7,11,8,9,10
-1,2,12,-6,5,-7,6,11,10,0,-9,4,3,-5,13,8,-3,7,-2,-4,-8,1
-1,1,2,0
10,6,-4,8,1,5,-5,-3,3,-6,7,-1,0,-8,4,-7,-2,9,-383,2
11,5,-5,7,6,14,2,-4,4,-2,8,-6,10,-1,16,15,486,-3,1,12,13,0,9,3
7,13,10,9,6,0,14,-962,-1,5,1,3,12,8,11,4,2
2,5,3,7,-2,4,1,-1,-6,0,1,10,-4,9,8,11,13,14,12,-3,6,-5,-7
-3,-2,-7,-1,2,3,5,0,4,1,-4,7,-8,-6,6,604,-5,8
4,-6,16,15,-1,-5,7,1,-2,8,-407,5,-3,-4,11,10,0,17,13,6,14,3,9,12,2
3,-3,0,1,-1,2,1,-2,-5,-4
660,1,2,-1,-5,0,-2,-3,-4
0,2,3,-1,-3,-2,1,-631
3,-2,-6,-3,-7,-1,-4,-5
14,7,5,-2,11,-6,-5,-7,-1,9,9,-4,15,10,12,8,3,-3,-8,0,2,1,4,6,13
3,10,15,-1,7,13,4,16,9,5,8,1,12,14,11,2,0
-7,3,11,-2,13,-4,4,2,7,6,932,9,14,-5,5,-6,8,12,-3,0,10,-1,1,15
-6,-3,-4,-1,0,2,-173,6,3,-2,5,-7,4,1,-5
-1,1
4,-1,2,903,0,5,1,3
5,3,-3,13,1,7,-2,6,14,2,-1,10,4,12,316,8,0,11,9
0
-5,4,-6,-2,-7,-1,-4,0,1,727,-3,3,2
-1,-4,-7,0,-2,-8,-3,-5,-399,-6,1
-7,4,3,-6,-322,-5,-4,-1,5,2,-3,0,1,-2
6,7,8,4,2,5,3,-1,1,-910,0
-7,-1,-6,-9,-5,-8,-4,-2,-3
14,3,12,9,0,1,4,-3,17,2,7,10,472,11,13,18,5,15,8,-1,6,16,-2
0,1,-882,6,10,-1,8,4,3,12,5,7,11,2,9
2,4,-4,0,-5,8,-2,-3,-1,6,3,1,7,9
0,4,6,8,-3,2,-2,-1,3,7,5,341,1
-2,-4,-1,-3,-147
1,-8,3,-5,-1,-4,0,-6,-3,-7,-2,-9
10,4,1,5,12,11,0,8,9,3,-382,7,6,-1,2
-1,-4,-5,-2,0,-3
6,10,7,7,2,0,11,17,9,16,5,18,13,3,8,4,1,12,15,14
3,327,-3,5,6,1,-2,0,7,-5,-4,2,4,-1
-4,3,-1,2,1,-642,-8,-3,-2,0,-5,-6,-7
-446,-1,-2,-3
6,7,10,16,12,18,14,13,0,9,2,17,5,3,-1,4,8,11,15,1,7
-3,-5,-2,-553,-6,-1,-7,-4,0
-1,1,17,18,11,-2,2,5,9,12,4,16,7,14,15,13,0,8,-3,3,1,10,6
11,3,6,0,10,15,1,16,2,9,13,7,5,12,-1,14,5,4,8
0,-2,10,11,7,-1,3,8,12,2,1,4,5,6,13
2,5,0,-3,-4,-1,1,3,7,4,-2
12,5,6,-2,15,3,11,9,2,-1,7,0,17,10,13,4,8,14,1
11,15,9,5,13,17,12,1,4,7,8,0,10,2,6,16,3,14,-295
0
3,-1,13,-3,-564,-2,11,-6,7,6,5,-4,1,2,4,12,8,0,-5,9,10
81,5,4,7,-2,2,-1,6,0,1,3
6,3,930,0,2,7,10,5,9,1,8,4
10,13,-1,6,0,8,3,-2,7,9,5,-5,2,10,1,4,-4,11,-3,12,14
0,-3,777,-1,-2,2,1,3,4
-2,-1,-3,-5,-4
-2,10,13,9,-3,1,-1,7,137,5,0,4,11,6,3,12,14,-4,2,8
-4,-1,-3,9,-5,5,3,-2,7,8,4,1,2,-682,6,0,10
-6,-5,7,-2,2,-1,0,-3,742,4,6,3,5,-4,1
8,5,-1,10,0,6,1,-4,-2,-3,2,7,3,9,530,4,11
2,-3,3,-6,4,-7,-9,1,0,-5,-1,-4,-2,-481,-8
1,-281,2,0
6,4,1,8,3,14,5,12,15,16,18,19,9,2,17,0,-1,-2,7,10,11,26,13
-3,-1,1,-2,2,9,0,-4
-2,6,4,7,8,-1,1,2,3,10,0,9,896,11,5
-3,0,1,-2,-53,-1
-5,19,5,-2,13,15,-3,12,2,3,18,6,16,11,4,17,1,-6,10,-1,14,0,8,3,7,-4,9
-1,-2,2,-7,-5,-6,-4,1,-3,0,9
1,-4,-3,3,5,10,6,-1,-5,4,2,12,9,11,-6,7,8,-2
-6,-8,0,1,-5,-1,-7,2,-2,3,-894,-3,-4,4
9,-3,11,361,10,-1,2,5,4,-4,3,-6,1,-5,8,7,-2,6,0
-3,-538,-2,-1,0,-4
4,-3,-8,274,-1,-4,-7,-2,2,3,-5,-6,0,-9,1
-2,-3,-4,-1,296
15,1,3,17,14,4,18,11,0,2,13,9,5,8,12,16,6,10,7,4
8,-1,3,6,5,4,7,1,9,1,-3,-2,11,0,2,12,10
-1,1,4,-2,5,-4,6,13,8,11,2,7,-3,16,18,14,15,17,12,3,8,9,10,0
7,11,-9,-4,-5,-6,6,9,8,-7,5,4,10,-405,3,2,-3,0,-2,-8,1,-1
6,-3,3,-5,5,2,-2,0,1,-4,-1
-2,-1,-8,-4,0,-9,-3,-6,-5,-815,-7
3,10,14,8,9,11,7,2,12,15,4,5,17,6,-11,16,13,1,18,0
-6,-2,-8,-5,-9,-7,-3,-1,-4
-2,7,1,-3,0,-1
2,-6,-692,3,-3,4,-1,0,5,-5,-4,-2,1
4,5,-2,11,3,-1,680,6,10,0,1,9,7,2,-3,8
-1,0,4,-5,-2,1,-4,2,-6,-7,-3