1
168542
112091
21634
156183
191620
112016
13856
180598
176266
128544
104836
85867
84490
18219
101597
142498
119465
90913
24294
16240
90803
2317
44254
146446
40126
52573
141575
107095
158226
40583
158147
129004
132729
147008
142111
87277
101929
135351
135117
119632
2494
96990
10314
126461
71430
191832
162018
186555
147280
78769
61913
151122
38527
149468
123257
151455
91677
203893
182049
38515
98673
191411
91566
88089
41458
3475
116117
105179
27743
78484
200827
167900
196996
30135
208864
181690
20990
17760
132283
112007
47298
207666
51229
16717
93637
117691
137946
1126
201833
46175
43680
36546
152089
171435
137734
86764
178096
118250
80506
210662