3
1
None
None
2,15
4
5
None
None
None
4,5
5,4
5,6,7
5,3,8,2,1,4,9
5,1,8,2,11,14,9
20,19,6,1,6,9,3,11,436,8
20,22,17,23,21
None
10,10,8,18,13,20,16,5,10,20,25,9,0,15,15
23,18
1,21,14,4,6,3,-2,3,5,15,-2
22
5,19,18
13,22
None
2,13,0,12,19,870,13,22,21,17,14,813,8,4,660,17,13,13
9
22,19,24,19,20
19,2,18,-5,714,-4,9,13,16,22,19
440,18,18,16,5,22,16,-7,25,9,18,25,15,7,6,5,24,12,16
-4,13,2,23,25,23,15,1,5,23
7,11
-3,1,-4,1,-5,17,20,17,21
15,14,15,-7,15,0,5,-1,24,13,-1
14,20
None
11,865,0,12,-3,-3,-92,-5,22,-3,2,341,22,400,16,8,-9,15,-3,4,554,8,22,1,23,8,3,105,-1,20,-4
24,22
20,24,14,1,24,10,22,5,20,7,21,9,12,6,25
9,23,10,24
25,17,16,24,21,20
22,25
None
19,14
21,20,25,20
12,298,341,412,667,19,24,475,21,13,13,56,23,15,24,11,268,957,455,25
24,11,9,13,20,15,23,12,15,23,23,24
24,23,9,18,20,9,13,20,11,4,15,6
24,7,20,552,146,21,14,19,42,7,0,280,5,13,387,13,8,3,7,10
None
24,18,4,14,10,11,6,21
336,848,131,427,912,13,847,11,378,717
819,17,738,749,14,737,8,19,589,155,17,142,846,528,536,11
None
None
21,22
812,902
15,24,15
25
8,3,14,1,2,12,25,19,10
2,598,18,2,977,628,1,4,176,633,797
20,6,21,14,22,15
21,13,310,629,18,15,558,24,318,216,16,22,910,897
-729,18,-7,-44,-8,-261,-504,-15,510,13,605,89,-13,742,1,701,-293,-15,12,-5,23,15,-718,14,0,316,-158
17,24,3,3,23,-4,17,0,23,22,7
4,11,-3,19,12,-6,19,14
22,14,25
22
17,16,21,23
948,999,873,860,-4,710,995,512,583,997
24,15,12,22,5,14,5,24,22
3,6,21,-2,14,-5,8,6
8,1,3,9,-1,19,9,16,4,19,-2,6,1
20,15,201,25,981,599,54,3,21,22,178,25,595,394,3
20,2,11,23,0,19,12,21,8,14,6,7,4,1,12
-364,889,-4,123,282,102,414,-162,-712,18,11,-733,-1,923,-595,997,-171,-57,146,-496,768,-464,975,745
21,661,12,900,-126,-12,23,-9,-3,17,24,-2,969,23,752,-87,2,-7,12,-80,-2,3,23
16,-3,25,1,12,5,7
23,9,12,10,21,13,24,25,8,20,6,7,9
5,5
14,14,25,3,14,8,4,2,13
102,8,747,229,700,504,251,488,575
12,10,22,8
19,18,19
1,11,23,3,4,25,11,16,-7,3,11,8,10,6,-2,3
25,17,5,25,5
20,25,0,7,11,-1,11,20,-1
15,19,7,18,11
15,4,20,19,158,11,19,13,13,25,16,23,24
25,24
20,21,21,17
10,-11,784,-70,13,19,4,9,725,-6,6,202,10,25,-11,-10,22,296,6,17
23,7,25,15,20,7
None
2,17,-8,-4,25,281,634,21,1,761,0,22,279,22,-9,-6,0,-220,-13,127,17,7,-355,14,952,-8,-5,1,2
740,2
12,25,25,18,8
24,12,14,13
25,11
None
799,803,912
22,25,12,49,25,23,12,19
22
8,9,-9,2,-4,-9,16,7,-2,-7,-7,5,2,-2,15,8,5
9
12,-8,13,-8,-3,12,3
-64,17,-14,-9,-12,15,525,415,22,13,21,-5,33,20,16,147,151,6,23,-12,-10,158,0,-9,-8,19,297,-1,-10,-9,365,8,1,884,2
419,657
88,11,-35,-15,9,-15,-8,13,22,-8,24,899,17,24,8,24,-13,9,1
None
16,17,-4,6,-9,-9,7
25,20,16,21,16,3,16,13,13,4
12,11,8,14,9,12,20,7
4,17,18,12
12,11,1,20
24,7
22,17,22,17
19,24
25,23,23
16,13
15,-6,7
8,24,18,8,20,20,16,20,14,5,8,4,8
6,5,24,20,16,-2,23,6,4,24,-1,17,7,24
19,12,16,19,16
21,17
23,24
866,640,675,617
19
None
1,-11,-7,-9,946,-8,-2,-10,-10,25,3,12,524,18,671,12,817,23,673,-2,20,768,1,110,365,0,13,254,15,206,17
9,23,21
12,18,9,20,10,19,24,9
6,6,19,19,11
0,-5,0,19,-13,16,12,-8,-5,17,14,5
16,11,23,13,9,5,16,6,24
18,10,8
None
20,25,20,18,16,14,25
25
21,19,17,24,23,17
3,3
-10,16,9,19,5,-4,-5,8,14,0,19,-4,16
24,-7,-2,10,11,25,6,-7,-1,-1,8,17,-7,0,7,17,24
6,17,5,11,11,4,9,18,20,24,8
20,23,21,22,25
25
24,16,17,16
21,17,16,14,15,16,18
7
19,-2,11,-4,19,-9,-7,0,0,17,23,-8,0,22,4,6,-9,13,8
9,24,13,21
16,11,21,11,24,16,25,18,10
24
None
23,24,21,18,14
0,21,-6,5,10
14,23,24,3,10,4
11,22,24,15,25,17,15
12,19,12,18,13,15,12
20,947,110,17,19,14,17,742,388,22,8,288,98,12,702,738,4,8
11,21,11,993,22,126,615,0,325,-167,881,-192,-256,14,533,23,-695,-7,503,-370,13,449,8,15,905,132,-8,253,12,5,0,584,8,2,-51,22,12
4,10,11,7,15,16,12,9,-5,11,14,16,17
200,724,525,173,878,891,112,988,98,391,419,747,549,239,502,593,584,445
-461,20,19,543,96,-441,824,885,-14,139,661,29,342,24,163,-246,-148,-404,845
24,25,24,19,25,25
None
12,20,16,13,20,22
None
24,19,434,477
180,483
519,530,288,444,760,307
22,17,18
116,-2,25,1,15,20,19,19,14,23,703,-6,8,22,902,3,5,646,8,4,22,264,23,2,-4,-4
25
21,15,22,15,18,9,7,4,13,15,17,5,10
14,11,13,17,18,21,24
-9,9,-707,-13,-601,1,-1,-4,304,599,-8,22
23,12,15,10,7,9
909,424,7,5,247,15
21
17,24,21,15,19,24,19,21
12,15,3,3,24,11,19,19
89,16,23,10,22,9,13,21,14,20
18,15,22,14,19,20,15,22,17,20
11
198,212,285,622,603
-3,0,1,8,14,8,0,11,11
None
19,23,22,22,21
4,6,12,11,10,13,2,2,7,10
25,-11,-1,18,-49,913,6,9,1,16,-3,829,767,-1,-11,5,11,646,-10,-61,-15
None
964,799,543,838,873,888,982
23,12
11
None
22,24,23
23,15,18,12,22
20,11,13,21
14,12
12,-1,13,24
-1
9,23,23,6,9,14,8,6,23,20,7,15
6,15,7,5,24,19,13,22,22,8,24,17,9
None
13
20,21,20,24
670,291,685
926,126,18,20,19,21,608,22
16,12,24,13,25,4,25,2,15,13,4,12,19,11
393,17,719,25,14,608,18,18,276,271
785,23,22,23
24,1,1,-9,-3,-8,-9,19,5,20,11
22,19,11,14,15,7,21,9,24
656,307,606,904,453,639,861,968
159,853,475,90,31,276,888,357,25,90,894,991,788,109,985,800,671
2,-12,-4,14,2,25,-8,19
22
None
7
None
89,339,964,278,899,826
19,19,7,23,17,14,16,19,20
25,20,20,25,23,24,18
17,10,11,13,10,23
25,23,23
5,4,-1,20,21,2,2,15
50
13,5,12,10,20,13,12,12,9,3
20,14,23,10,12,13,21,13,20,12,24
-3,-3,-4,13,5,5,20,15,3,14,23,15,11,7,5,19,-7,-8,14
22,19,8,4,22
17,19
24
16,24,17,13,23,7,25
928,519,839,515,258,620,356,464
15,21,-5,-7,-5,5,13,-4
21,17,17,18,17,21,22,22
10,19,23,22,24,15
1,13,22,2,7,1
21,21,25
332,23,151,680,441
2,-1,8,23,-1,9,11,13,14,18,9
365,-9,-9,6,231,694,10,837,4,3,13,17,22,4,-18,9,1,-3,17,17,16,2,20,549
849,563,750,716,904,442
10,19,13,25,18
24
15,24,10,19,25,20,22,13
12,13,12,21,6,10,12,22,14,10
None
9,14,13,16,-12,6,10
25
None
20,7,13
717,16,6,7,20,20,11,4,61,1,988,706,559,24,675,257,1,5,16
750,853,663,928
665,697,712,955,709,635
13,14,20,20,14,13
18,13,15,9,6,17
0,-6,3,24,21,-4,-7,-3,7,19,5,18,-2,2,5,24,24,6,-7
20,699,973,781,887,284
357,454,984,177,497,15,21,352,701,10,813
20
7
11,16,6,20,0,2,13,15,12,7,5,25,11,11,9,15,0,4,9
