3
1
None
None
14
4
5
None
None
None
4,5
5,4
5,6,7
5,8,4,9
8,11,14,9
14,7,17,5,10,10,12,17,8,3
880,699,94,648,869,905,859
22,16,25,23,15,17,14,13,23
17
5,25,15
4,978,12,448,-11,912,-12,23,313,14
14,24,8,17,4,7,12,17,6
4,11,4,25,6
12,20,25,19,20,17
992,307,303,426,320,422,727,472,270,88,463,129,155,987,256
3,11,18,18,7,15
10,20,24,14,13,4,20
19,16,1,-12,12,10
6,9,15,19,22,23,13
15,13,18,24,18,14,16
17,19,14,22,25,17,21,18,17,21,17,19
13,18,17,5,25,16,11,11,17
640,717,760,803
22,7,13,7,8,19,15,12,23,25,6,24,21
663
13,22,21,9,17,12,19,22
20,12,10,22,15,7
6,13,9,16,10,18,20,18
11,20,19,22,17,19,15
25,11,19
5,4,24,5,8
19,21,17,660,21,21,23,850
482,12,210,747,127,-1,724,166,796,19
19,17,22,18,20,11,17,6,12,5,8
23
532,14,165,17,338,743,803,24,13,326,371,12,535,940,20,20,432,11,289,212,909
12,12,18,11,15,19,17,22
22,9
18,20,15,11
18,19,17,24,14,14,18,22,11,12,8,8,20
15,10,8,9,11,18,14,24,14,5,12,15
17,20,17,8,16,11,11,19,15,10,11,18,25
18,17,12,22
899,24,-12,13,344,1,7,-13,25,23,4,-9,795,3,-4
-1,20,371,248,474,9,3,-14,2,19,-15,-13,190,-7,609,825,8,-5,-14,-10,14,22,18,24
10,7,11
266,684,802,981,260,626,658,725,769,877
22,17,17,25,12,16,21,19,16,15
-8,453,840,446,5,773,440,17,520,571,384,188,22,-5
11,10
-13,2,10
14,15
10,5
12,12,25,19,21,17,22,13,15
77,187,970,647,148,294
16,16,17,10,22,9,12,22,20,24,18
4,6,15,11,11,12
16,17,12,7,12,13,15,12
8,20,19,23,23,7
17,15,12,18,24,15,20,10,15,19,11
24,16,17
17,25,5,13,14,25
7,25,10,9,20
-1,8,16,1
14,5,20,7,11,24
25,25,23,25,13,20,12
5,24,15,16,18,21
8,17,10,6,23,8,15
15
22,8,9
None
10,7,8,22,4,14,15
22,4,18,15,5,23,21,6,7,25
8,2,14,5,12,9
21,21,13,18,21,21,11
-3
18,25
19
136,250,959,329,112
8,11,15,18,12,14
16,9,6,11,17,23,19,23
None
830
17,22,18,10,23,17
9,22,20,18,6,4,13
484,898,968,676,513,720,367,818
21,17,10,23,6,15,25
16,9,24,20
19,20,8,22,24
22,23,17
10,4,16,4,21,25
854,286,452
9,19,11,11,12,8,6,25,12,10
14,11,13
303,669,456,532
22,11,15
17,12,12,10,13,25,11,22,18,7,13,8
1
20,18,16,25,14,17,8,16
20,8,13,11,7,22,13
7,22,4
9,13,8,9
980,819,91,726,611,693,688,866,930,742,166
None
17,20,15,23,23,8,13,22
13,14,19,21,12,23,8,14,17
23,23,21,14,19,11,20,20,25,10
-4,3,371,19,-7,-1,271,11,397,22,3,285,4,775,821,0,25,381,13,-5,-15,56
4,21,156,19,348,800,12,22,533,557,-1,5,537,27,9,19,433,22,543,680
191,-11,610,161,-37,-10,-3,3,6,462,-5,209
248,51,556,669
13,17,10,25,17,13,7,11,8,11,12,10
256,414,664,518,167,924,703,266,374,115,756,547
14,14,22,8,22,13,23,14,11
315,825,526,758,51,898,588,804,733,311
11,8,24,21,12,23,9,9,12
911,996,364,980,454,867,617,974
22,16,21,16,18,-9,23,-4,6,-9,-4,841,471,21,-4,-15,19,-55,-10,-13,1,116,-3,427
10,11,8,2,15,12,7
6,11,11,15,16,21,16,25,7,12,18,20
708,626,655,923,565,594,570,307,873,563,496
471,559,130,436,101,288,385,332
503,780,862,586,669,874,274,585,669,565
None
6,22,9,17,8,23
255,656,627,677,919,132,169
12,9,20,24,13,15,10,8,17,19
850,424,401,674,494,231,894,562,963,607,586,977
25,24,15,21
699,17,11,-3,726,1,977,31,67,610,-4,852,6
-1
24,606,-6,11,25,5,50,170,890,-15,85
7,22,21,17,11,24,9,15,15,9,25,19
22,-8,17,25,16,-6,0,-14,19,6,4,-13,9,14,1,10,-8,10,-3,14,17,23,23,-1
11,24,11,23,7,14
22,16,7,15,8,7,4,4,15
-1,-1
9,6,10,5
6,25,22,7,14
14,17,24,16,13
22,20,8,17,11,9,10,10,25
24,15,20,22,17,17,18,9,17,19,11,10
250,589,978,846,236,378,544,988,293,233,254,882,429,978,405
229,942,20,19,23,22,21,541,957,23,309,15,25,582,748,16,830,10,23
667,23,227,828
11,10,18,24,11,7
18,20,21,16,16,7,13,16,19,4,11,6
16,15,10,10,10,23,6,22,5,5
2,6,4,5,13,3,22,25
25,12,23,23,17,14,9,25,13,14,11,7
None
9,18,6,5,14,23
18,7,14,20,3,11,9,22,6
25,21
14,11,17
None
None
None
10,10,16
6,4,7,17
7,4,10,11,21,3,3,25,16
12,0
12,23,14,7,23,5,18,6,8
13,25
21,14,24,17,25,21
42,54,-3,-14,0,16,22,17,-1,-8,12,542,8,922
11,20,24,15,8,8,25
21,21,5,21,10
-2,21,-2,2,2,1,21,9,11,25,-14,17,-7,-9,-11,4,-10,5,0,484,3,15,12,189
10,4,19,22,6,6,12,19,13,10,7,19
15,7,14,18,12
25,22,25,18,11,17,9
11,1,3,21,3,1,14,4
982,926,12,-4,20,222,346,19,457,621,581,282,3,24,487,6,397,18,26
606,970,449,22,-5,183,4,92,475,89
15,10,16,6,10,18,24,6,5,16,15,18,22
19,15,14,9,19,19,11,12,13,13,15
15,17,24,18,16,9,18,12,13,13
7,8,17,20
23
None
5,12,17,10,17,13
15,4,4,4,17,19,21
20,10,23,25,12,9,24,11,14,11,12
8,12,8,7,15,15,22,19,24
3,16,25,8,12,15,18,3
17,22,19,10,11,23,22,16,16,13,15,17,15
25,6,9,21,11,6,21,25,22,6,25
10,17,10,8,25,9,9,15,24,24,13,6
18,19
16
21,8,19,16,22,16
16,9,12,16
25
17,25,14,12,10,18,10,19
1,-12,22,6,-8,-12,-15,21,12,-5,14,405,11,337,11,19,750,247,-10,13,-15,16,15
13,18,9,4,12,20
22,11,17,23,19,5,6,18,5,9
2,25,-6,7,3,17,-5,-6,5,14,7,13,24,10,21,-9,23,21,13
23
-12,3,13,6,-2,-7,74,21,-1,-15,7,12,12,-7,-12,6,4,485,-11
859,70,807,8,682,265
88,182,297,601,152,139
444,495,771,417
-1,24,14,4,22,2,1,2,24,18,5
15,17,24,25
-1,-7,-5
15,10,18,16,10,17,19,24,24,9
12,12,18,7,15,23,15,22
11,24,13,11,9,23,16,5
0,19,3,6,-1,11,14,619,17,10
23,15,20,23,16,15,25,24,18
16,12,15,25,17,8,10,18,12,6,20
10,22,24,13,17,18,11,17,17,18,13,11
895,195,744,553,652,476,539,853,962,761,134,290
21,25,-2,-8,0,-4,-3,17,16,22,-6,19,24,19,-5,25,3,24,-2,12
20,16,8,2,13,3,20
20,12,2,7
22,-6,15,7,-4,8,-12,23,25,3,-9,22,-4
20,17,19,17,8,7,11,20,9,7,22,19,23
23,21,20
21,24,10,20,24,25,17,7
420,470,966,998,885,660,288,365,585
5,14,9,517,9,-1,5,-3,352,770,13,22,13,403,12,-2
-13,261,961,523,-14,354,723,6,-15,148,858,-15,2,883,-5
5,21,13,25,21,11
12,2,-8,13,3,12,22,-5,196,14,13,8,566,10,19,645,331,128,891,-9,15,144,18
22,25,13,19,15
464,170,648,216,139,737,470,880,543,410
8,10,23,19,21,11,7
18,21
None
17,12,12,5,18,13,25,21,12,5,16,9,11,11
12,6
5,6,5,11,21,9,10,14
18,25,21,23,16,10
None
10,3,-14,12,16,2,11,21,5,9,18,929,-6,-8,-2,-12,14,0
537,333,213,365,642,145,905,778,121,647,408
24,23,24
981,865,899,316,817,655,804,278,966
16,16,24
23,-1
22,10,23,11,7,14,7,18,4,13,16,7,7,8
-6
23,14,14,14,24,25,5
9,21,23,11,13
21,20
20,13,21,10,21
22,13,11,20,6,10,5
13,5,11,4,4,3,13,17,2,21,6,7,3
3,7,7,5,8,4,3,24,11,16,18,2
21,19,23
17,10,11,25,25,24,8,21,21
25,20,19
