1
1
2
3
3
1
2
1
1
4
6
6
4
6
3
20
2
1
9
16
12
12
20
12
19
1
11
4
13
4
6
12
16
17
2
5
17
20
5
4
1
13
7
5
1
5
3
1
3
20
9
14
17
7
13
5
15
14
18
15
18
2
15
1
2
20
12
4
19
15
1
4
10
10
19
6
15
16
19
12
19
16
3
6
15
4
10
12
12
11
19
14
12
3
7
3
4
1
2
9
12
1
13
1
5
20
3
11
1
13
5
15
14
19
3
15
7
19
17
4
5
4
7
5
5
17
8
13
9
20
1
10
10
10
1
16
8
18
8
1
9
13
5
10
1
7
2
2
12
16
19
1
20
2
3
10
10
1
7
15
3
7
8
4
10
10
18
20
8
1
3
2
1
6
19
1
2
18
3
11
1
17
1
16
17
17
1
5
1
7
11
1
11
1
15
6
5
14
1
2
18
2
8
6
11
1
12
18
14
17
16
15
9
14
4
2
1
14
10
6
6
10
12
1
1
4
8
2
4
6
6
1
4
5
7
8
7
13
5
8
15
1
16
9
13
16
7
9
3
1
1
13
5
2
13
18
20
1
14
2
15
2
10
9
1
2
13
1
7
2
1
6
14
9
4
14
4
3
8
11
2
10
11
19
4
8
16
13
4
14
2
20
7
6
6
8
9
1
19
19
8
4
10
10
11
1
4
13
4
16
1
4
17
2
6
2
2
16
3
13
16
11
6
15
9
18
18
9
19
16
6
12
14
5
20
6
10
10
18
20
12
5
1
3
10
6
1
8
7
6
15
5
9
4
6
1
12
8
5
5
6
10
7
19
5
3
8
16
10
18
4
1
1
13
1
11
16
13
13
18
14
9
8
7
6
7
11
6
6
1
1
11
5
10
8
12
15
5
14
5
6
18
5
15
18
2
10
17
5
3
6
4
19
12
5
2
7
2
4
10
4
1
1
11
7
14
1
11
11
1
2
4
1
9
7
20
11
19
9
13
1
1
6
8
3
10
4
11
2
11
3
14
8
4
6
6
3
4
4
5
18
4
2
3
2
17
17
14
2
19
1
1
1
14
19
20
6
5
10
4
20
9
7
2
17
6
9
1
10
4
10
18
12
13
9
6
2
4
20
8
16
1
10
19
9
6
9
7
20
1
8
1
2
1
4
2
8
7
1
4
5
10
20
4
1
3
11
2
9
1
2
12
1
16
16
15
9
1
2
1
3
13
10
5
7
9
9
16
3
18
11
3
1
13
14
1
17
2
15
5
16
14
9
8
18
20
3
3
15
14
2
1
12
3
6
3
13
4
1
4
17
3
11
1
19
5
15
5
18
13
3
11
3
12
19
12
2
16
4
11
11
19
18
8
4
1
6
13
13
7
1
6
19
8
4
11
8
6
1
10
4
5
5
10
7
20
1
1
18
19
2
10
19
8
7
1
13
16
12
15
2
7
13
16
13
19
7
18
10
3
1
3
13
6
20
1
2
7
19
16
4
4
10
9
1
1
3
1
5
16
8
9
3
16
10
3
10
16
5
20
19
14
10
3
12
3
11
1
10
20
12
8
18
5
15
9
7
15
18
1
9
3
2
18
11
2
12
15
11
7
1
9
4
5
4
12
3
19
8
20
5
18
4
4
8
11
7
14
8
1
9
7
5
13
15
1
8
16
13
4
6
3
10
1
16
6
1
3
6
9
19
4
1
20
12
8
7
14
9
15
1
4
18
19
6
4
1
15
14
7
6
11
1
8
9
6
1
11
1
8
13
3
1
18
1
18
8
3
12
6
13
1
2
19
10
8
2
6
16
9
5
1
20
17
5
8
12
10
2
13
18
1
7
11
9
13
5
10
4
3
5
13
1
16
1
2
1
11
3
15
5
1
2
5
16
5
1
4
1
16
4
8
4
3
15
10
7
4
18
5
17
16
8
15
10
18
14
13
13
13
1
7
2
2
5
14
7
20
19
14
11
3
2
2
20
14
1
19
9
15
9
3
11
17
15
15
9
18
4
3
4
1
16
6
16
7
2
6
15
1
5
2
6
9
1
19
13
5
9
1
2
13
1
19
8
4
1
19
1
19
17
9
6
16
18
1
14
8
11
15
5
1
15
11
8
12
5
3
20
3
12
2
20
3
13
5
12
1
5
1
19
13
19
12
4
1
19
1
2
6
12
3
