2
2
2
3
3
2
1,3
3,4
1,3
1,4
1,4,5
4,5
6,7,8
6,7,8
4,8
6,7
4,6,7
5
1,3
1,2,4
1,2,3,5
17
2,14,15
3,5,6,7
13
10,11,12
2,6,7,8,9
17,18
16
20,21
19,20
4,5
4,6,7
11,12,13,14,15
15,16,17
13,14,15,16,17,18,19,20
4,5
2,4,5
8
2,4,5
19,20
8,9,10,11,12,13
5,6,7,8
3,19,20,21,22
1,5,6,7,9,10,11,12
2
11,12
17,18,19,20,21,22
1,2,4
3
7,8,9,10,11
10,11
2
3,4,5,7,8,9
9,10,11,12,13,14
3,4,5,7,8,9
3
12,16,17,18,19
14,15,16,17,18,19,20,21,22,23
13
13,14,15,16,17,18,19,20,21
2
15,16,17
13,14,15,16,17,18,19,20,21,22
2
10
12,13,14,15,16
19,20,21,22
2
4,8,9,10,11,12,13
7,8,9,10,11,12
4
6,17
2,4,5
2
17,18
6
11,12
11,12,13,14,15,16,17,18,19,20
10,11,12,13,14,15,16
5,6
2,4,5
20,21,22,23,24,25,26,27,28,29
11,12
14,15,16,17
10,11,12,13,14
14,15,16
11,12
6
7,8,9,10,11,12
13,18,19,20,21,22,23
14
8,9,10,11
5,19
13,14
4,5,6,7,8,10,11,12,13
6
3
3
13
9,18,19,20,21
15,16,17,18,19
1,13,14
6,7,8,9,10
14,15,16,17,18,19,20,21,22,23
20,21
15
14,15,16,17
5,11
8,9,10,11,12
9,10,11,12,13,14
6
13
4
3,4
13,14,15,16,17,18
20,21,22,23
4,5,6
19
2,3,4,5,6,8,9
17,18
7,19,20,21,22,23
13,14
12,13,14,15,16,17
10
3,4
3,14
20,21,22,23,24,25
1,2,4
5
2,3,5,6
10
4,11,12,13,14,15,16
14,15,16,17,18,19
3
5,6
12,13,14,15,16
3,4,5,6,7,9,10,11
12
4
6
3,4,5,6,7,8,9,11,12,13
13,14,15,16,17,18,19,20,21,22
3,5,6,7
7,8,10,11,12,13,14,15,16
14,15
8
10,11,12,13,14,15,16,17
18,19,20,21,22
5,6,7
20,21
8,9
14,15
1,9,10,11,12
14
20,21,22,23,24,25,26
13,14,15,16,17,18,19,20,21,22
19,20,21
17,18,19
2
8,9,10
20
13,16,17,18
2,13,14
11,13,14,15,16,17
5,6,7,8
17,18
4
20,21,22,23,24,25
3
4,5,6
11,13,14,15,16,17,18,19,20
14,15
14,15,16,17,18
5,13,14,15
1,3,4,6,7
12,13,14,15,16,17,18
11,12
9
5,6,7
9,10,11,12
10,11,12,13,14
5
11
9,10,11,12,13
1,3
12
4
3
13,14
6,7,8,9,10
4,5,7,8,9,10
12,13,14,15,16,17
18,19,20
9,10
6,8,9,10
13,17,18,19,20,21,22
16
6
13,14,15
19,20,21,22,23
16,17
3,4,5,6,8,10,11,12,13
6,7
20
12
9,10
5,16,17
8,17
1,2,4
3
11,12,13,14,15
8,9,10,11
3,4,7,8,9
15,17,18,19,20
4,14,15,16,17,18,19
13,14,15,16
1,3
4,5,6,7,8,9,11,12,13,14
11,12,13
1,2,3,4,6
13,14,15
13
8,9,10,11,12,13
19
5,6
4,5,6
6,7,8,9,10
16
1,2,3,4,6
6
8,9,10,11
14,15,16,17,18
12,13,14,15
13,14,15
3,4
9,10
2,3,6,7,8
3,4
12,13
17
18
1,2,3,4,5,7
13
4,5,6
15
16,17,18,19,20
14,15,16,17,18,19,20
15,16,17,18,19,20,21,22,23,24
14,15,16
4,6,7,8,9
8,9,10,11
20
19,20
14,15,16,17,18,19
16,17,18
4,5,6
5,7,8,10,11,12
15,16
16,19
12,13
10
12,13,14,15,16,17,18,19
11,12,13
2,3,4,5,6,7,8,10,11
3,4,5,6,7,8,11,12,13
14,15,16,17,18,19,20,21
2
18,19,20,21,22,23
16,17,18,19
4,6
3,4
6
20,21
4,5,7,8,9,11,12,13,14,15
9,10,11,12
4,18,19,20,21,22,23,24,25,26
11,12,13,14,15,16,17,18
12,13
8
5,6,7,8
2
4,6,7,8,9
3,5,6,7,8,9,11,12,13,14
4,5,6
5
13,14,15,16,17,18,19,20,21
9,10
15,16,17
12,13,14
2,3,4,6,7
13,14,15,16,17,18,19,20
2,3,4,5,6,7,9,10
19,20,21,22,23,24
4,5,6,8,9,10,11
5
14,15,16
10,13,14
1,3
7,12
7,8,9,10,11
4,5
6,7,8,9,10
17,18,19
14
19,20,21
11,12
17,18,19,20
5
13,14,15,16,17
3,13
15,16,17,18,19
17
11,12,13,14,15
8,9
4,12,13,14,15,16,17,18,19,20
20,21
15,16,17,18
2
10,11,12,13
3,4
4,5
15,16
15
9,10
16,17
14,15,16,17
4,5
11,12,13,14,15,16,17,18,19
3,4,6,7,8
16
13,14,15
15,16
13,14,15,16,17
13,14,15
10
10,17,18,19,20
20,21,22,23,24
13,14
19,20
1,2,3,5
1,11,12,13
15,17,18,19,20,21
20,21,22
2
9,10,11,12
15,16,17
3,4,6,7,8
3,4
7,8,9
8,9,10,11,12,13
18
13,14,15,16,17,18,19,20,21,22
11,12,13,14,15,16,17,18
3,4
14,15,16,17
3,20
9
3,5,6,7
19,20,21,22,23
11,12,13
2,7,8
17,18,19,20,21
11,12,13,14,15,16,17
13,14,15,16,17,18,19
13,14,15
19,20,21
19,20,21,22
2,5,6,8,9,10,11
17,18,19,20
18
11,12,13,14,15
16,17
4,5
8,10,11,12,13
18
13,14,15,16
16
6,7
2,3,4,6,7
7
13,14
20
13,14,15,16,17,18,19,20,21,22
7,8,9
1,2,4
20,21
7
11,12,13
18,19,20,21
15
2
14,15,16,17
10,11,12,13,14,15
5,6,7,8,10,11,12,13,14
3,20,21,22,23,24,25
17
8,9,11
17,18,19,20,21,22,23,24,25
11,12,13,14,15,16,17
17,18,19,20,21,22,23,24,25,26
11,12,13
17,18,19
7,8,9,10,11
3,5,6,7
14,15,16,17
6,7,8,9,11,12,13,14,15,16
18,19,20,21,22
1,12
15,16,17,18
13
3,4
1,3
1,11,12,13
3,5,7,8,9,10
5,6,7,8
18,19,20,21,22
17
3,4
2,14,15,16
13,14
4,6,7,8,9
7,8
5,6
5,6,7,8
6,7
7
20
1,2,4
4
14
19
5,6,7,8
17,18
1,2,3,5
11
3,4
1,3
9,10
4,5,6
11
6
3
18,19
5,6,7,9,10,11,12,13
6,7
14
6,7,8
10
1,3
4,5,6
20,21,22,23,24
5,6,7,8
11,12,13
7,8,9
11
6,9,10,11
3,4,5,7,8,9
19
15,16,17,18,19,20,21,22
7,8,9
2,3,4,5,6,8,9,11,12,13
1,14,15
1,2,4
10,11
17,18,19,20
19
6,7,8,9,10
5,6,7,8
1,2,4
17,18
7,10,11,12,13,14,15,16,17
8,9,10,11,12,13
4,7
4,5,6,8,9,10,11
11,12,13,14,15,16,17,18
7,8,9,10,11
12,13,14,15
18,19,20,21,22
11
6,15,16
3,7,8,9
4
2
13,14
20
4,6,7
17,18,19,20,21
9,10
14
19
3
13,14,15
15,16,17,18,19,20
8,9,10,11,12,13,14
10,11,12
1,15,16,17,18
6,7
19
5
12
19,20
14,18,19,20,21,22,23,24
12
11,12,13,14,15,16,17,18
7,8,9,10,11,12
14,15,16,17,18
17,18,19,20,21,22,23,24,25
7,8
12,13,14,15,16
6,7,8,10,11,12,13,14,15
10,11,12
11
5,6,7
17,18,19
18,19
7,8,9,10
13,14,15,16,17
4,5,6,7,8,10,11,12,13
20
17,18,19,20,21
4,5,6
5
9,10,11
12,13
8,14,15,16,17,18
4
12,13,14,15,16
2,3,4,5,6,7,9,10
14
9,10
9,10,11,12,13,14,15,16
6,7,8,9,10
11,12
2,5,6,7
15,16,17,18
4,5,6
18,19
2,4,5
2,3,4,5,7,8
20,21,22,23,24,25,26,27
16
11,12
10,11
16,17
6
16,17
6,9,10,11
10
2,4,5
1,3
5,13
1,2,3,4,5,6,7,9
15
7,8,9,10,11,12
2
10,11
6,10,11,12,13
12
20
2
18
8,9,10
4,5,6,8,9,10,11
1,2,4
8,9,10,11,12,13
17,18,19,20
9,11,12,13,14,15,16,17
13,20,21
3,4
2,14,15,16
14,15,16,17,18
3,5,6,7,8,10,11,12,13
8,19,20,21,22
4
16,17,18,19,20
15
10,17,18
9,10
7,8
20,21,22,23,24
8
4,18,19,20,21
2,7,8,9,10,11
7,8
2,3,4,5,7,9,10,11
14,15,16,17,18,19,20,21
18,19,20,21,22
15,16
19,20,21
13,14,15,16
19,20,21
4,5,6,8,9,10,11
3,4,7,8,9,10
4,5,6,7,8,10,11,12,13
17,18,19,20
1,2,3,4,5,6,7,8,10
16,17
9,11,12,13,14,15,16,17,18,19
18,19
17,20,21
6
20,21,22,23,24,25,26,27,28
14,16,17,18,19,20,21,22
10,11,12,13,14,15
4,18,19,20,21
3,6,7,8,9
10,19,20,21,22,23
5,6
15,16,17,18,19,20,21
2,3,4,5,7,8
5
7,8,9
4,5
8,19,20
7,9,10,11,12,13,14,15
4,5,6
20,21
10,20,21
9,14,15,16,17,18
19
4,6,7,8,9
10,11
9,10
5,12,13,14
13,14,15
19,20,21,22
12,13,14
1,2,3,4,5,6,7,8,10
9
5,6
13,14
8,9,10,11
11
8,9,10
3,4,5,7,8,9
9,10,11,12,13,14,15,16
11,12
4,20,21,22,23,24,25,26,27
12
8,10
11,12,13,14,15,16,17,18,19,20
12,13,14,15,16,17,18,19
18,19
11
14,15,16,17,18,19
9,16,17
10,11
18
3
20
5,6,7,8
19,20,21,22,23,24
3,4,5,6,7,8,9,11,12,13
8,9,10,11,12,13
20,21,22,23,24,25
20
9,10
5,6,7,9,10,11,12,13
17
8
12,16,17
10,11
5
1,2,3,4,6
15,16,17,18
1,11,12,13,14,15,16
7
11,12,13
8,9
1,3
13,14,15,16,17
15,16
7,8,9,10,11
10
12,13
16,17,18,19
3
5,7
2,5,6,7
16,17,18,19,20
9,10
15,16,17,18
14,15
15
2,3,4,5,6,7,8,10,11
7,8,9,10
2,3,4,5,6,7,9,10
15,16,17,18,19,20,21
10
4,10,11,12,13
16,17,18,19,20,21
4,5,6
10,11
15,16,17
3,6,7,8
6
8
13,14,15,16,17,18,19,20
20,21,22,23,24,25,26
5,10
15,16
3
8,11,12,13,14
11,12,13,14
1,3
1,2,3,5
19,20,21
3,5,6,7,9,10,11,12
4,6,7,8,9
2,3,4,5,6,7,8,9,11,12
18,19,20,21
9,10
18
3,13
8,9,10
17,18,19
14
15,16,17
12
20,21,22,23,24,25
